0.00000000 0.00508743
0.10000000 0.00515804
0.20000000 0.00523017
0.30000000 0.00530387
0.40000000 0.00537918
0.50000000 0.00545617
0.60000000 0.00553487
0.70000000 0.00561534
0.80000000 0.00569764
0.90000000 0.00578181
1.00000000 0.00586793
1.10000000 0.00595606
1.20000000 0.00604625
1.30000000 0.00613858
1.40000000 0.00623312
1.50000000 0.00632993
1.60000000 0.00642910
1.70000000 0.00653070
1.80000000 0.00663482
1.90000000 0.00674155
2.00000000 0.00685097
2.10000000 0.00696318
2.20000000 0.00707828
2.30000000 0.00719637
2.40000000 0.00731756
2.50000000 0.00744197
2.60000000 0.00756970
2.70000000 0.00770090
2.80000000 0.00783568
2.90000000 0.00797419
3.00000000 0.00811657
3.10000000 0.00826297
3.20000000 0.00841355
3.30000000 0.00856848
3.40000000 0.00872793
3.50000000 0.00889209
3.60000000 0.00906115
3.70000000 0.00923533
3.80000000 0.00941483
3.90000000 0.00959989
4.00000000 0.00979075
4.10000000 0.00998767
4.20000000 0.01019091
4.30000000 0.01040078
4.40000000 0.01061756
4.50000000 0.01084159
4.60000000 0.01107320
4.70000000 0.01131277
4.80000000 0.01156069
4.90000000 0.01181736
5.00000000 0.01208322
5.10000000 0.01235875
5.20000000 0.01264446
5.30000000 0.01294087
5.40000000 0.01324856
5.50000000 0.01356815
5.60000000 0.01390031
5.70000000 0.01424573
5.80000000 0.01460519
5.90000000 0.01497951
6.00000000 0.01536958
6.10000000 0.01577636
6.20000000 0.01620089
6.30000000 0.01664429
6.40000000 0.01710779
6.50000000 0.01759272
6.60000000 0.01810052
6.70000000 0.01863279
6.80000000 0.01919124
6.90000000 0.01977777
7.00000000 0.02039448
7.10000000 0.02104365
7.20000000 0.02172781
7.30000000 0.02244977
7.40000000 0.02321264
7.50000000 0.02401987
7.60000000 0.02487532
7.70000000 0.02578331
7.80000000 0.02674870
7.90000000 0.02777695
8.00000000 0.02887426
8.10000000 0.03004763
8.20000000 0.03130508
8.30000000 0.03265579
8.40000000 0.03411030
8.50000000 0.03568083
8.60000000 0.03738158
8.70000000 0.03922912
8.80000000 0.04124299
8.90000000 0.04344629
9.00000000 0.04586659
9.10000000 0.04853699
9.20000000 0.05149759
9.30000000 0.05479738
9.40000000 0.05849678
9.50000000 0.06267108
9.60000000 0.06741518
9.70000000 0.07285012
9.80000000 0.07913241
9.90000000 0.08646741
10.00000000 0.09512899
10.10000000 0.10548900
10.20000000 0.11806253
10.30000000 0.13357917
10.40000000 0.15309832
10.50000000 0.17820163
10.60000000 0.21132445
10.70000000 0.25634589
10.80000000 0.31966990
10.90000000 0.41223686
11.00000000 0.55315473
11.10000000 0.77503345
11.20000000 1.12353489
11.30000000 1.60450801
11.40000000 1.99039743
11.50000000 1.87635258
11.60000000 1.41018325
11.70000000 0.98913135
11.80000000 0.71243729
11.90000000 0.54343024
12.00000000 0.44087108
12.10000000 0.37899710
12.20000000 0.34335265
12.30000000 0.32609864
12.40000000 0.32329107
12.50000000 0.33355892
12.60000000 0.35766325
12.70000000 0.39874944
12.80000000 0.46340344
12.90000000 0.56389111
13.00000000 0.72175786
13.10000000 0.96889563
13.20000000 1.31906825
13.30000000 1.64373437
13.40000000 1.65075779
13.50000000 1.38401238
13.60000000 1.13825614
13.70000000 1.01313427
13.80000000 0.99569620
13.90000000 1.06885572
14.00000000 1.23436474
14.10000000 1.51680898
14.20000000 1.97182625
14.30000000 2.70417379
14.40000000 3.88920718
14.50000000 5.71905949
14.60000000 7.92870929
14.70000000 8.89387433
14.80000000 7.44769901
14.90000000 5.22436817
15.00000000 3.53179731
15.10000000 2.44904899
15.20000000 1.76863763
15.30000000 1.32901682
15.40000000 1.03414010
15.50000000 0.82910399
15.60000000 0.68197986
15.70000000 0.57358699
15.80000000 0.49199448
15.90000000 0.42953437
16.00000000 0.38113393
16.10000000 0.34335474
16.20000000 0.31382150
16.30000000 0.29087324
16.40000000 0.27334540
16.50000000 0.26043200
16.60000000 0.25159865
16.70000000 0.24652964
16.80000000 0.24509985
16.90000000 0.24736683
17.00000000 0.25358207
17.10000000 0.26422425
17.20000000 0.28006089
17.30000000 0.30225196
17.40000000 0.33251861
17.50000000 0.37341974
17.60000000 0.42881294
17.70000000 0.50464375
17.80000000 0.61033756
17.90000000 0.76132915
18.00000000 0.98375960
18.10000000 1.32313029
18.20000000 1.85857060
18.30000000 2.71395335
18.40000000 3.98842108
18.50000000 5.34225208
18.60000000 5.58452784
18.70000000 4.41245130
18.80000000 3.03588238
18.90000000 2.05641765
19.00000000 1.43718888
19.10000000 1.04584520
19.20000000 0.79026911
19.30000000 0.61674772
19.40000000 0.49453423
19.50000000 0.40561603
19.60000000 0.33907402
19.70000000 0.28805120
19.80000000 0.24809596
19.90000000 0.21622969
20.00000000 0.19040471
20.10000000 0.16917884
20.20000000 0.15151421
20.30000000 0.13664930
20.40000000 0.12401559
20.50000000 0.11318196
20.60000000 0.10381677
20.70000000 0.09566166
20.80000000 0.08851294
20.90000000 0.08220830
21.00000000 0.07661713
21.10000000 0.07163334
21.20000000 0.06717007
21.30000000 0.06315563
21.40000000 0.05953042
21.50000000 0.05624456
21.60000000 0.05325605
21.70000000 0.05052929
21.80000000 0.04803400
21.90000000 0.04574422
22.00000000 0.04363763
22.10000000 0.04169495
22.20000000 0.03989944
22.30000000 0.03823652
22.40000000 0.03669344
22.50000000 0.03525900
22.60000000 0.03392336
22.70000000 0.03267781
22.80000000 0.03151464
22.90000000 0.03042700
23.00000000 0.02940880
23.10000000 0.02845460
23.20000000 0.02755953
23.30000000 0.02671922
23.40000000 0.02592978
23.50000000 0.02518768
23.60000000 0.02448975
23.70000000 0.02383315
23.80000000 0.02321531
23.90000000 0.02263391
24.00000000 0.02208687
24.10000000 0.02157231
24.20000000 0.02108853
24.30000000 0.02063404
24.40000000 0.02020746
24.50000000 0.01980759
24.60000000 0.01943337
24.70000000 0.01908384
24.80000000 0.01875819
24.90000000 0.01845573
25.00000000 0.01817586
25.10000000 0.01791810
25.20000000 0.01768209
25.30000000 0.01746756
25.40000000 0.01727436
25.50000000 0.01710244
25.60000000 0.01695189
25.70000000 0.01682287
25.80000000 0.01671572
25.90000000 0.01663088
26.00000000 0.01656895
26.10000000 0.01653066
26.20000000 0.01651696
26.30000000 0.01652894
26.40000000 0.01656795
26.50000000 0.01663555
26.60000000 0.01673360
26.70000000 0.01686424
26.80000000 0.01703001
26.90000000 0.01723386
27.00000000 0.01747920
27.10000000 0.01777005
27.20000000 0.01811109
27.30000000 0.01850781
27.40000000 0.01896663
27.50000000 0.01949518
27.60000000 0.02010242
27.70000000 0.02079905
27.80000000 0.02159783
27.90000000 0.02251412
28.00000000 0.02356645
28.10000000 0.02477742
28.20000000 0.02617470
28.30000000 0.02779253
28.40000000 0.02967360
28.50000000 0.03187168
28.60000000 0.03445522
28.70000000 0.03751237
28.80000000 0.04115818
28.90000000 0.04554487
29.00000000 0.05087717
29.10000000 0.05743525
29.20000000 0.06561017
29.30000000 0.07595996
29.40000000 0.08930079
29.50000000 0.10685993
29.60000000 0.13054069
29.70000000 0.16339629
29.80000000 0.21050158
29.90000000 0.28057428
30.00000000 0.38886046
30.10000000 0.56104551
30.20000000 0.83046028
30.30000000 1.18644244
30.40000000 1.42385727
30.50000000 1.27641978
30.60000000 0.92384501
30.70000000 0.63020735
30.80000000 0.44122166
30.90000000 0.32723596
31.00000000 0.26136507
31.10000000 0.22835245
31.20000000 0.21736307
31.30000000 0.20826984
31.40000000 0.17926681
31.50000000 0.14089204
31.60000000 0.11008090
31.70000000 0.08915680
31.80000000 0.07564965
31.90000000 0.06757308
32.00000000 0.06366742
32.10000000 0.06155285
32.20000000 0.05661690
32.30000000 0.04833239
32.40000000 0.04051737
32.50000000 0.03461122
32.60000000 0.03027006
32.70000000 0.02697866
32.80000000 0.02438575
32.90000000 0.02227581
33.00000000 0.02051506
33.10000000 0.01901705
33.20000000 0.01772329
33.30000000 0.01659253
33.40000000 0.01559463
33.50000000 0.01470686
33.60000000 0.01391168
33.70000000 0.01319523
33.80000000 0.01254638
33.90000000 0.01195605
34.00000000 0.01141678
34.10000000 0.01092230
34.20000000 0.01046736
34.30000000 0.01004749
34.40000000 0.00965889
34.50000000 0.00929825
34.60000000 0.00896273
34.70000000 0.00864985
34.80000000 0.00835746
34.90000000 0.00808364
