0.000000 0.0004751991460588
0.100000 0.0004813195621276
0.200000 0.0004875824176483
0.300000 0.0004939927115346
0.400000 0.0005005556828899
0.500000 0.0005072768259307
0.600000 0.0005141619060615
0.700000 0.0005212169772121
0.800000 0.0005284484005544
0.900000 0.0005358628647332
1.000000 0.0005434674077577
1.100000 0.0005512694407210
1.200000 0.0005592767735295
1.300000 0.0005674976428515
1.400000 0.0005759407425155
1.500000 0.0005846152566190
1.600000 0.0005935308956421
1.700000 0.0006026979358958
1.800000 0.0006121272626804
1.900000 0.0006218304175784
2.000000 0.0006318196503635
2.100000 0.0006421079760739
2.200000 0.0006527092378772
2.300000 0.0006636381764433
2.400000 0.0006749105066451
2.500000 0.0006865430025348
2.600000 0.0006985535916850
2.700000 0.0007109614601546
2.800000 0.0007237871695455
2.900000 0.0007370527878517
3.000000 0.0007507820360918
3.100000 0.0007650004530559
3.200000 0.0007797355809106
3.300000 0.0007950171749001
3.400000 0.0008108774409811
3.500000 0.0008273513059592
3.600000 0.0008444767255870
3.700000 0.0008622950371776
3.800000 0.0008808513646386
3.900000 0.0009001950855116
4.000000 0.0009203803716903
4.100000 0.0009414668181207
4.200000 0.0009635201771029
4.300000 0.0009866132200276
4.400000 0.0010108267537763
4.500000 0.0010362508259656
4.600000 0.0010629861622338
4.700000 0.0010911458905808
4.800000 0.0011208576233362
4.900000 0.0011522659880606
5.000000 0.0011855357265045
5.100000 0.0012208555184868
5.200000 0.0012584427392398
5.300000 0.0012985494303511
5.400000 0.0013414698647162
5.500000 0.0013875502281343
5.600000 0.0014372011445316
5.700000 0.0014909140695432
5.800000 0.0015492830175182
5.900000 0.0016130337486922
6.000000 0.0016830635547359
6.100000 0.0017604963557235
6.200000 0.0018467603225747
6.300000 0.0019436992964067
6.400000 0.0020537360111897
6.500000 0.0021801165845522
6.600000 0.0023272857568861
6.700000 0.0025014783108041
6.800000 0.0027116785788740
6.900000 0.0029712264546847
7.000000 0.0033005953538598
7.100000 0.0037323576348207
7.200000 0.0043203129601887
7.300000 0.0051564499913326
7.400000 0.0064010298047734
7.500000 0.0083226626709173
7.600000 0.0112642037570538
7.700000 0.0150863574638808
7.800000 0.0176151423088030
7.900000 0.0161921204859544
8.000000 0.0127826863893071
8.100000 0.0100437149233057
8.200000 0.0084020764555058
8.300000 0.0075481337209951
8.400000 0.0072046886242337
8.500000 0.0072129176653738
8.600000 0.0074970481841902
8.700000 0.0080345847123766
8.800000 0.0088424800020680
8.900000 0.0099755407033705
9.000000 0.0115355950521165
9.100000 0.0136941365225467
9.200000 0.0167369187751181
9.300000 0.0211486033102403
9.400000 0.0277711241970950
9.500000 0.0380786720687787
9.600000 0.0544931266761022
9.700000 0.0797092633637323
9.800000 0.1103939357874132
9.900000 0.1246140808136024
10.000000 0.1055361252765333
10.100000 0.0751228300282824
10.200000 0.0518506729485646
10.300000 0.0370366706456344
10.400000 0.0278409166435194
10.500000 0.0220238404646008
10.600000 0.0182544314078850
10.700000 0.0157766841907281
10.800000 0.0141574750054699
10.900000 0.0131449277658633
11.000000 0.0125932498234804
11.100000 0.0124234425544546
11.200000 0.0126037585077716
11.300000 0.0131422647206941
11.400000 0.0140887490958235
11.500000 0.0155467296450975
11.600000 0.0177002375856881
11.700000 0.0208662394139154
11.800000 0.0255944481698516
11.900000 0.0328515300359099
12.000000 0.0443144861894869
12.100000 0.0625183786279612
12.200000 0.0889278261827214
12.300000 0.1144853181020077
12.400000 0.1150249035654134
12.500000 0.0903486473772988
12.600000 0.0646519173772678
12.700000 0.0471844770187022
12.800000 0.0365408179381994
12.900000 0.0302008991233601
13.000000 0.0265041904763631
13.100000 0.0245098872451041
13.200000 0.0237052810345115
13.300000 0.0238241773795383
13.400000 0.0247519012477398
13.500000 0.0264808103154756
13.600000 0.0290962278089506
13.700000 0.0327850040459185
13.800000 0.0378676863659532
13.900000 0.0448641047183179
14.000000 0.0546153715262660
14.100000 0.0685093456604798
14.200000 0.0889016145459909
14.300000 0.1198944386304230
14.400000 0.1686386955542950
14.500000 0.2464735374569789
14.600000 0.3633832719672198
14.700000 0.4919554720935821
14.800000 0.5236982500788888
14.900000 0.4194579339148264
15.000000 0.2898438539464751
15.100000 0.1963261569670399
15.200000 0.1371465631824400
15.300000 0.0998846779767865
15.400000 0.0756947441628358
15.500000 0.0593997532746110
15.600000 0.0480394331912880
15.700000 0.0398845067533508
15.800000 0.0338910106728731
15.900000 0.0294071747709001
16.000000 0.0260136196433554
16.100000 0.0234337723570800
16.200000 0.0214821307676029
16.300000 0.0200336029393400
16.400000 0.0190050363396849
16.500000 0.0183441318013797
16.600000 0.0180231301258314
16.700000 0.0180359130862571
16.800000 0.0183979651276273
16.900000 0.0191492809544058
17.000000 0.0203609911329250
17.100000 0.0221474543397002
17.200000 0.0246872160306662
17.300000 0.0282592876452973
17.400000 0.0333071222100089
17.500000 0.0405543762345447
17.600000 0.0512192641097333
17.700000 0.0674126379264194
17.800000 0.0928280751157528
17.900000 0.1335361103900938
18.000000 0.1963142257295671
18.100000 0.2729169814034934
18.200000 0.3084400908636274
18.300000 0.2602679537290682
18.400000 0.1833103882363533
18.500000 0.1241659949452094
18.600000 0.0862328661411096
18.700000 0.0623726205716357
18.800000 0.0469371455483968
18.900000 0.0365590725299053
19.000000 0.0293133873977426
19.100000 0.0240812148084415
19.200000 0.0201906421920402
19.300000 0.0172235787120032
19.400000 0.0149108799310977
19.500000 0.0130738161276607
19.600000 0.0115903364713442
19.700000 0.0103749880266898
19.800000 0.0093665927071310
19.900000 0.0085204690185301
20.000000 0.0078033943712154
20.100000 0.0071902649167811
20.200000 0.0066618331117900
20.300000 0.0062031451722089
20.400000 0.0058024425733274
20.500000 0.0054503771341753
20.600000 0.0051394417477528
20.700000 0.0048635518126556
20.800000 0.0046177335561876
20.900000 0.0043978892234624
21.000000 0.0042006182494688
21.100000 0.0040230796900185
21.200000 0.0038628853971820
21.300000 0.0037180163413848
21.400000 0.0035867565287218
21.500000 0.0034676404149807
21.600000 0.0033594107609769
21.700000 0.0032609846305488
21.800000 0.0031714257869766
21.900000 0.0030899221535687
22.000000 0.0030157673099861
22.100000 0.0029483452259341
22.200000 0.0028871176082639
22.300000 0.0028316133707761
22.400000 0.0027814198385421
22.500000 0.0027361753779989
22.600000 0.0026955632060507
22.700000 0.0026593061800769
22.800000 0.0026271624092241
22.900000 0.0025989215579875
23.000000 0.0025744017376341
23.100000 0.0025534469008572
23.200000 0.0025359246712056
23.300000 0.0025217245521308
23.400000 0.0025107564715647
23.500000 0.0025029496272967
23.600000 0.0024982516064641
23.700000 0.0024966277595468
23.800000 0.0024980608156518
23.900000 0.0025025507318383
24.000000 0.0025101147750057
24.100000 0.0025207878406680
24.200000 0.0025346230190116
24.300000 0.0025516924252272
24.400000 0.0025720883185201
24.500000 0.0025959245427857
24.600000 0.0026233383321316
24.700000 0.0026544925367759
24.800000 0.0026895783400889
24.900000 0.0027288185566136
25.000000 0.0027724716250713
25.100000 0.0028208364413623
25.200000 0.0028742582167674
25.300000 0.0029331355992248
25.400000 0.0029979293653012
25.500000 0.0030691730838319
25.600000 0.0031474862785540
25.700000 0.0032335907900989
25.800000 0.0033283312776108
25.900000 0.0034327011372992
26.000000 0.0035478755954234
26.100000 0.0036752544277611
26.200000 0.0038165177786262
26.300000 0.0039737000798369
26.400000 0.0041492893981286
26.500000 0.0043463631608808
26.600000 0.0045687769677272
26.700000 0.0048214325683878
26.800000 0.0051106667369080
26.900000 0.0054448296233515
27.000000 0.0058351685816754
27.100000 0.0062972197701879
27.200000 0.0068530717101360
27.300000 0.0075351773167639
27.400000 0.0083930056147436
27.500000 0.0095050301249696
27.600000 0.0110007471072846
27.700000 0.0131001289323771
27.800000 0.0161724301976506
27.900000 0.0207422454247476
28.000000 0.0269698844607161
28.100000 0.0326201887127536
28.200000 0.0333553097790662
28.300000 0.0306218453583162
28.400000 0.0290326017948195
28.500000 0.0301831313455527
28.600000 0.0343862192550502
28.700000 0.0423865948152748
28.800000 0.0559202892303324
28.900000 0.0775603919866318
29.000000 0.1070784952551014
29.100000 0.1296491276744206
29.200000 0.1227026088842106
29.300000 0.0981396272065923
29.400000 0.0787106107315752
29.500000 0.0698480007190998
29.600000 0.0705579373637248
29.700000 0.0808067344066420
29.800000 0.1029396156686714
29.900000 0.1403032033218280
30.000000 0.1870879348977094
30.100000 0.2097627011276721
30.200000 0.1854000238249922
30.300000 0.1475092343706473
30.400000 0.1180254251704969
30.500000 0.0947021265497217
30.600000 0.0786962234724898
30.700000 0.0721338468596879
30.800000 0.0752627010966495
30.900000 0.0885058411108570
31.000000 0.1091253443662852
31.100000 0.1216085004012654
31.200000 0.1085885724781755
31.300000 0.0829404364838452
31.400000 0.0624766834787806
31.500000 0.0502811075673977
31.600000 0.0445999977383309
31.700000 0.0442395511475874
31.800000 0.0492555187115935
31.900000 0.0598472264032140
32.000000 0.0715161671231912
32.100000 0.0714431637577783
32.200000 0.0577517786368184
32.300000 0.0430837581227565
32.400000 0.0330341438513367
32.500000 0.0270906090314155
32.600000 0.0238179175065758
32.700000 0.0216159303765893
32.800000 0.0191397654986656
32.900000 0.0166597642019335
33.000000 0.0147753135060224
33.100000 0.0134939041265284
33.200000 0.0126469584039282
33.300000 0.0121008342324282
33.400000 0.0117721707868206
33.500000 0.0116111564066663
33.600000 0.0115884024766434
33.700000 0.0116873174035244
33.800000 0.0118999429724449
33.900000 0.0122247313231096
34.000000 0.0126653455660883
34.100000 0.0132302431972560
34.200000 0.0139337326747900
34.300000 0.0147970941161455
34.400000 0.0158493165252892
34.500000 0.0171295864407671
34.600000 0.0186912794635846
34.700000 0.0206077674535444
34.800000 0.0229813103995893
34.900000 0.0259570880635095
