0.000000 0.0004666793941106
0.100000 0.0004725407942355
0.200000 0.0004785345982951
0.300000 0.0004846652981649
0.400000 0.0004909375935664
0.500000 0.0004973564044628
0.600000 0.0005039268843733
0.700000 0.0005106544346851
0.800000 0.0005175447200572
0.900000 0.0005246036850128
1.000000 0.0005318375718336
1.100000 0.0005392529398789
1.200000 0.0005468566864660
1.300000 0.0005546560694657
1.400000 0.0005626587317821
1.500000 0.0005708727279087
1.600000 0.0005793065527732
1.700000 0.0005879691731101
1.800000 0.0005968700616311
1.900000 0.0006060192342944
2.000000 0.0006154272910165
2.100000 0.0006251054602116
2.200000 0.0006350656475962
2.300000 0.0006453204897576
2.400000 0.0006558834130503
2.500000 0.0006667686984682
2.600000 0.0006779915532308
2.700000 0.0006895681899303
2.800000 0.0007015159142166
2.900000 0.0007138532221428
3.000000 0.0007265999084739
3.100000 0.0007397771874666
3.200000 0.0007534078278784
3.300000 0.0007675163042583
3.400000 0.0007821289669224
3.500000 0.0007972742334440
3.600000 0.0008129828049968
3.700000 0.0008292879115060
3.800000 0.0008462255903178
3.900000 0.0008638350040117
4.000000 0.0008821588041086
4.100000 0.0009012435488199
4.200000 0.0009211401847034
4.300000 0.0009419046042485
4.400000 0.0009635982941078
4.500000 0.0009862890920990
4.600000 0.0010100520754302
4.700000 0.0010349706081290
4.800000 0.0010611375827825
4.900000 0.0010886569009288
5.000000 0.0011176452485203
5.100000 0.0011482342387884
5.200000 0.0011805730159892
5.300000 0.0012148314418729
5.400000 0.0012512040251302
5.500000 0.0012899148065960
5.600000 0.0013312234856250
5.700000 0.0013754331746090
5.800000 0.0014229003123533
5.900000 0.0014740474731076
6.000000 0.0015293801075956
6.100000 0.0015895086942161
6.200000 0.0016551784406090
6.300000 0.0017273096845954
6.400000 0.0018070537088478
6.500000 0.0018958711603327
6.600000 0.0019956442672228
6.700000 0.0021088406592365
6.800000 0.0022387577952869
6.900000 0.0023898964628637
7.000000 0.0025685465804846
7.100000 0.0027837324627027
7.200000 0.0030487857114657
7.300000 0.0033840491321691
7.400000 0.0038216809608162
7.500000 0.0044144471778402
7.600000 0.0052520681109616
7.700000 0.0064907283190638
7.800000 0.0083965537441834
7.900000 0.0113430101351762
8.000000 0.0153860259008945
8.100000 0.0186928455432318
8.200000 0.0179576318918453
8.300000 0.0143505464289356
8.400000 0.0111236408479093
8.500000 0.0091062567763642
8.600000 0.0080096708544511
8.700000 0.0075071749423800
8.800000 0.0074015159839352
8.900000 0.0075926561593533
9.000000 0.0080415702024561
9.100000 0.0087512508602333
9.200000 0.0097610693695658
9.300000 0.0111515871767701
9.400000 0.0130607232665421
9.500000 0.0157168946888870
9.600000 0.0195021308457460
9.700000 0.0250710091628346
9.800000 0.0335687842797947
9.900000 0.0469737777370412
10.000000 0.0682362074989674
10.100000 0.0988304886948821
10.200000 0.1274279796701106
10.300000 0.1261323924278959
10.400000 0.0967414560033454
10.500000 0.0670276681079792
10.600000 0.0467784388322769
10.700000 0.0341613442651566
10.800000 0.0262814014530226
10.900000 0.0212416868193043
11.000000 0.0179511325004088
11.100000 0.0157895006998907
11.200000 0.0143989784376184
11.300000 0.0135713767000711
11.400000 0.0131887554621465
11.500000 0.0131928699012971
11.600000 0.0135711242077166
11.700000 0.0143536602039279
11.800000 0.0156205383354473
11.900000 0.0175217948770017
12.000000 0.0203183720590817
12.100000 0.0244608703563032
12.200000 0.0307378063860467
12.300000 0.0405350032761237
12.400000 0.0561440802773428
12.500000 0.0801994992762384
12.600000 0.1099568805417138
12.700000 0.1250061207741330
12.800000 0.1079800400095714
12.900000 0.0790927802516008
13.000000 0.0568610830707329
13.100000 0.0429387585505113
13.200000 0.0346346974379742
13.300000 0.0297851494206352
13.400000 0.0271174385544541
13.500000 0.0259346902298217
13.600000 0.0258735412004725
13.700000 0.0267718582667541
13.800000 0.0286056720439549
13.900000 0.0314678290233266
14.000000 0.0355769704899141
14.100000 0.0413175599909384
14.200000 0.0493238212044491
14.300000 0.0606384809714389
14.400000 0.0770097344150855
14.500000 0.1014475629864321
14.600000 0.1392277337413687
14.700000 0.1993467230982176
14.800000 0.2942368577655882
14.900000 0.4244652564677047
15.000000 0.5251414704095601
15.100000 0.4877144545614096
15.200000 0.3580988627789667
15.300000 0.2426793573524526
15.400000 0.1662138936933828
15.500000 0.1183134454023500
15.600000 0.0877908105604975
15.700000 0.0676412136635486
15.800000 0.0538466224008410
15.900000 0.0440934372606458
16.000000 0.0370106497844464
16.100000 0.0317577144483207
16.200000 0.0278023175733605
16.300000 0.0247977759368681
16.400000 0.0225133634769698
16.500000 0.0207935630677788
16.600000 0.0195336868900548
16.700000 0.0186651438981031
16.800000 0.0181466959378721
16.900000 0.0179597275243409
17.000000 0.0181065548593860
17.100000 0.0186114899526479
17.200000 0.0195249904327290
17.300000 0.0209319707494713
17.400000 0.0229664976883890
17.500000 0.0258371139438288
17.600000 0.0298708491554283
17.700000 0.0355914511041388
17.800000 0.0438621480402894
17.900000 0.0561512055535923
18.000000 0.0750200626754161
18.100000 0.1049151238122681
18.200000 0.1526884123424499
18.300000 0.2231413306699945
18.400000 0.2948454321578628
18.500000 0.3019261529471199
18.600000 0.2353681922637074
18.700000 0.1616634460159790
18.800000 0.1100011024963743
18.900000 0.0774023588814932
19.000000 0.0567575830866182
19.100000 0.0432330811724259
19.200000 0.0340212931414190
19.300000 0.0275137147010411
19.400000 0.0227659468991091
19.500000 0.0192040686634795
19.600000 0.0164667775160069
19.700000 0.0143189717792732
19.800000 0.0126030069904327
19.900000 0.0112102933220995
20.000000 0.0100642115950556
20.100000 0.0091095271869982
20.200000 0.0083056484642552
20.300000 0.0076222249962843
20.400000 0.0070362074187987
20.500000 0.0065298425373127
20.600000 0.0060892801459821
20.700000 0.0057035880962188
20.800000 0.0053640449101104
20.900000 0.0050636243150950
21.000000 0.0047966145863793
21.100000 0.0045583339592868
21.200000 0.0043449154279234
21.300000 0.0041531422842922
21.400000 0.0039803211937188
21.500000 0.0038241833391884
21.600000 0.0036828067673271
21.700000 0.0035545549005186
21.800000 0.0034380274851405
21.900000 0.0033320211865043
22.000000 0.0032354977257441
22.100000 0.0031475579570899
22.200000 0.0030674206571556
22.300000 0.0029944050770482
22.400000 0.0029279165186549
22.500000 0.0028674343564954
22.600000 0.0028125020490589
22.700000 0.0027627187780340
22.800000 0.0027177324271945
22.900000 0.0026772336700329
23.000000 0.0026409509803231
23.100000 0.0026086464154820
23.200000 0.0025801120510300
23.300000 0.0025551669672447
23.400000 0.0025336547075050
23.500000 0.0025154411427883
23.600000 0.0025004126890632
23.700000 0.0024884748344804
23.800000 0.0024795509417842
23.900000 0.0024735812985947
24.000000 0.0024705223944658
24.100000 0.0024703464091303
24.200000 0.0024730409013384
24.300000 0.0024786086923414
24.400000 0.0024870679425516
24.500000 0.0024984524243862
24.600000 0.0025128119989308
24.700000 0.0025302133090348
24.800000 0.0025507407069502
24.900000 0.0025744974409021
25.000000 0.0026016071323005
25.100000 0.0026322155840188
25.200000 0.0026664929707196
25.300000 0.0027046364751715
25.400000 0.0027468734506039
25.500000 0.0027934652093889
25.600000 0.0028447115640103
25.700000 0.0029009562791684
25.800000 0.0029625936363701
25.900000 0.0030300763678074
26.000000 0.0031039252893551
26.100000 0.0031847410596459
26.200000 0.0032732186227075
26.300000 0.0033701650689886
26.400000 0.0034765218933831
26.500000 0.0035933929682084
26.600000 0.0037220800278581
26.700000 0.0038641281472091
26.800000 0.0040213846924859
26.900000 0.0041960766973913
27.000000 0.0043909138382940
27.100000 0.0046092275962778
27.200000 0.0048551625573364
27.300000 0.0051339444297960
27.400000 0.0054522635969648
27.500000 0.0058188371788956
27.600000 0.0062452547729941
27.700000 0.0067472890006743
27.800000 0.0073469926684487
27.900000 0.0080761703473790
28.000000 0.0089823148774225
28.100000 0.0101390288013920
28.200000 0.0116648294740517
28.300000 0.0137577188023889
28.400000 0.0167468541042223
28.500000 0.0210953563481077
28.600000 0.0269595474563447
28.700000 0.0325508912664421
28.800000 0.0346502280446769
28.900000 0.0349429817328037
29.000000 0.0375611277853324
29.100000 0.0446141359287181
29.200000 0.0578932122109291
29.300000 0.0797548903769954
29.400000 0.1090342787366985
29.500000 0.1288765251130994
29.600000 0.1181874964071824
29.700000 0.0920186258414312
29.800000 0.0715601959863480
29.900000 0.0606147061635645
30.000000 0.0572938867510438
30.100000 0.0603288950208282
30.200000 0.0700975071186144
30.300000 0.0888946143072420
30.400000 0.1211829744050856
30.500000 0.1712020276631459
30.600000 0.2279892049526433
30.700000 0.2465098305875488
30.800000 0.2066206579782677
30.900000 0.1517614542363650
31.000000 0.1120352910552715
31.100000 0.0897910219222481
31.200000 0.0809909519655559
31.300000 0.0828803047273631
31.400000 0.0933669608854010
31.500000 0.1076706193134301
31.600000 0.1111428631419282
31.700000 0.0948666081419621
31.800000 0.0744371972178208
31.900000 0.0612956484382307
32.000000 0.0565860943624170
32.100000 0.0596897437077384
32.200000 0.0697006106034964
32.300000 0.0798902168052491
32.400000 0.0762190506650807
32.500000 0.0599591010719819
32.600000 0.0443332915178392
32.700000 0.0336978377642661
32.800000 0.0270665894648828
32.900000 0.0230651455382282
33.000000 0.0208021141683600
33.100000 0.0194937597332501
33.200000 0.0180826019125605
33.300000 0.0162559135170979
33.400000 0.0146407892043597
33.500000 0.0134989541757574
33.600000 0.0127503263807395
33.700000 0.0122824315277349
33.800000 0.0120192840810479
33.900000 0.0119156350001668
34.000000 0.0119456559052432
34.100000 0.0120957151720387
34.200000 0.0123604334165875
34.300000 0.0127406174567984
34.400000 0.0132421949048692
34.500000 0.0138763500651802
34.600000 0.0146609276254445
34.700000 0.0156211065998683
34.800000 0.0167908907865086
34.900000 0.0182164205012276
