0.000000 0.0005238700656556
0.100000 0.0005309197320176
0.200000 0.0005381375708943
0.300000 0.0005455295681287
0.400000 0.0005531020005419
0.500000 0.0005608614542819
0.600000 0.0005688148446209
0.700000 0.0005769694373415
0.800000 0.0005853328718658
0.900000 0.0005939131863021
1.000000 0.0006027188446035
1.100000 0.0006117587660537
1.200000 0.0006210423573285
1.300000 0.0006305795474026
1.400000 0.0006403808256175
1.500000 0.0006504572832559
1.600000 0.0006608206590229
1.700000 0.0006714833888838
1.800000 0.0006824586607710
1.900000 0.0006937604747471
2.000000 0.0007054037092924
2.100000 0.0007174041944876
2.200000 0.0007297787929748
2.300000 0.0007425454897192
2.400000 0.0007557234917524
2.500000 0.0007693333392716
2.600000 0.0007833970296939
2.700000 0.0007979381565373
2.800000 0.0008129820653263
2.900000 0.0008285560291089
3.000000 0.0008446894466485
3.100000 0.0008614140669292
3.200000 0.0008787642443150
3.300000 0.0008967772295675
3.400000 0.0009154935029906
3.500000 0.0009349571572895
3.600000 0.0009552163393780
3.700000 0.0009763237624339
3.800000 0.0009983373021086
3.900000 0.0010213206941103
4.000000 0.0010453443546218
4.100000 0.0010704863504749
4.200000 0.0010968335530983
4.300000 0.0011244830195426
4.400000 0.0011535436561350
4.500000 0.0011841382366360
4.600000 0.0012164058686852
4.700000 0.0012505050320771
4.800000 0.0012866173531912
4.900000 0.0013249523364389
5.000000 0.0013657533528843
5.100000 0.0014093052987780
5.200000 0.0014559444987165
5.300000 0.0015060716644650
5.400000 0.0015601690704903
5.500000 0.0016188236340379
5.600000 0.0016827583941976
5.700000 0.0017528761425469
5.800000 0.0018303209598483
5.900000 0.0019165666675489
6.000000 0.0020135466163888
6.100000 0.0021238484658492
6.200000 0.0022510137724005
6.300000 0.0024000113120551
6.400000 0.0025780070202812
6.500000 0.0027956563645544
6.600000 0.0030693463463745
6.700000 0.0034252140258574
6.800000 0.0039065485791484
6.900000 0.0045875359152193
7.000000 0.0055974016607781
7.100000 0.0071507586926867
7.200000 0.0095072100734580
7.300000 0.0124791315143182
7.400000 0.0142352289197158
7.500000 0.0129245579858322
7.600000 0.0103088714300846
7.700000 0.0082906376742727
7.800000 0.0071022662460798
7.900000 0.0064953581171064
8.000000 0.0062622107115346
8.100000 0.0062837930816134
8.200000 0.0065008538665140
8.300000 0.0068909987945721
8.400000 0.0074571152551364
8.500000 0.0082236387249789
8.600000 0.0092385709079618
8.700000 0.0105812720120114
8.800000 0.0123782750693430
8.900000 0.0148325910636590
9.000000 0.0182777588460463
9.100000 0.0232786707364843
9.200000 0.0308179850507109
9.300000 0.0426070337657574
9.400000 0.0613534848479666
9.500000 0.0894090267099449
9.600000 0.1200978778671181
9.700000 0.1275027388022248
9.800000 0.1027113077816049
9.900000 0.0721418901344087
10.000000 0.0502226657422490
10.100000 0.0364742033738058
10.200000 0.0279493899385718
10.300000 0.0225604245721985
10.400000 0.0190913338867789
10.500000 0.0168537013057667
10.600000 0.0154545323144100
10.700000 0.0146690130183510
10.800000 0.0143740339786631
10.900000 0.0145149489032016
11.000000 0.0150918772410667
11.100000 0.0161601728414810
11.200000 0.0178454241362399
11.300000 0.0203793001623894
11.400000 0.0241714068899874
11.500000 0.0299457742274990
11.600000 0.0389757740103536
11.700000 0.0533286681880461
11.800000 0.0751150440709769
11.900000 0.1005967217874937
12.000000 0.1104845660298223
12.100000 0.0935611116983908
12.200000 0.0694736905117350
12.300000 0.0519292081891314
12.400000 0.0413677274721834
12.500000 0.0354757492036340
12.600000 0.0325448725373273
12.700000 0.0316166169885618
12.800000 0.0322156467243115
12.900000 0.0341669096402376
13.000000 0.0375099972879914
13.100000 0.0424812473219203
13.200000 0.0495518530869364
13.300000 0.0595326806126335
13.400000 0.0737849444393782
13.500000 0.0946222603529990
13.600000 0.1260652269446862
13.700000 0.1751644194077015
13.800000 0.2536080618327927
13.900000 0.3750974629228652
14.000000 0.5269660860920573
14.100000 0.6063001889019480
14.200000 0.5195759875605682
14.300000 0.3676286377057212
14.400000 0.2484173866717974
14.500000 0.1717299330624335
14.600000 0.1236483278384415
14.700000 0.0927287691417489
14.800000 0.0721047758337535
14.900000 0.0578522639841513
15.000000 0.0476963344671647
15.100000 0.0402761845847061
15.200000 0.0347497174027719
15.300000 0.0305792771798692
15.400000 0.0274124942480243
15.500000 0.0250140166284721
15.600000 0.0232253195653505
15.700000 0.0219405882103313
15.800000 0.0210922162215995
15.900000 0.0206424115222622
16.000000 0.0205790568195322
16.100000 0.0209150017408711
16.200000 0.0216907378470330
16.300000 0.0229811888022449
16.400000 0.0249084069940740
16.500000 0.0276637148401092
16.600000 0.0315460229009934
16.700000 0.0370292140331280
16.800000 0.0448836462106502
16.900000 0.0564005738994097
17.000000 0.0738097816599905
17.100000 0.1010171346714671
17.200000 0.1445573695905241
17.300000 0.2125389007134838
17.400000 0.3002075277801393
17.500000 0.3525764268280586
17.600000 0.3090007093802484
17.700000 0.2209495031495396
17.800000 0.1496057898703455
17.900000 0.1033252701997603
18.000000 0.0742589232436408
18.100000 0.0555489322959379
18.200000 0.0430373784030682
18.300000 0.0343457208893976
18.400000 0.0280967189681093
18.500000 0.0234673643140021
18.600000 0.0199480733826649
18.700000 0.0172123098345957
18.800000 0.0150441327628582
18.900000 0.0132966287937062
19.000000 0.0118672787385832
19.100000 0.0106829034363528
19.200000 0.0096901977209155
19.300000 0.0088496208632311
19.400000 0.0081313584924744
19.500000 0.0075125952800493
19.600000 0.0069756362521753
19.700000 0.0065065891901760
19.800000 0.0060944252188052
19.900000 0.0057302988527245
20.000000 0.0054070489675150
20.100000 0.0051188278413303
20.200000 0.0048608221211758
20.300000 0.0046290406240253
20.400000 0.0044201513153944
20.500000 0.0042313548780735
20.600000 0.0040602857899288
20.700000 0.0039049342855369
20.800000 0.0037635843172692
20.900000 0.0036347638793636
21.000000 0.0035172049625539
21.100000 0.0034098110682751
21.200000 0.0033116306999488
21.300000 0.0032218356128266
21.400000 0.0031397028773340
21.500000 0.0030646000179717
21.600000 0.0029959726478825
21.700000 0.0029333341406843
21.800000 0.0028762569752167
21.900000 0.0028243654621395
22.000000 0.0027773296188328
22.100000 0.0027348600044590
22.200000 0.0026967033631644
22.300000 0.0026626389523147
22.400000 0.0026324754559869
22.500000 0.0026060484029265
22.600000 0.0025832180237690
22.700000 0.0025638674952884
22.800000 0.0025479015303561
22.900000 0.0025352452816620
23.000000 0.0025258435354606
23.100000 0.0025196601789925
23.200000 0.0025166779320887
23.300000 0.0025168983400698
23.400000 0.0025203420316493
23.500000 0.0025270492524256
23.600000 0.0025370806919658
23.700000 0.0025505186307983
23.800000 0.0025674684432044
23.900000 0.0025880605030258
24.000000 0.0026124525533800
24.100000 0.0026408326179734
24.200000 0.0026734225526413
24.300000 0.0027104823621676
24.400000 0.0027523154411603
24.500000 0.0027992749412417
24.600000 0.0028517715234276
24.700000 0.0029102828290245
24.800000 0.0029753651012403
24.900000 0.0030476675223522
25.000000 0.0031279500111514
25.100000 0.0032171054720687
25.200000 0.0033161878297965
25.300000 0.0034264476646517
25.400000 0.0035493779502460
25.500000 0.0036867733881507
25.600000 0.0038408082946670
25.700000 0.0040141401802877
25.800000 0.0042100494955290
25.900000 0.0044326312059183
26.000000 0.0046870621203308
26.100000 0.0049799813727258
26.200000 0.0053200440236187
26.300000 0.0057187466178135
26.400000 0.0061916925234452
26.500000 0.0067605911777931
26.600000 0.0074565237475210
26.700000 0.0083254696160865
26.800000 0.0094379948539110
26.900000 0.0109067389158415
27.000000 0.0129181645475090
27.100000 0.0157861057597988
27.200000 0.0200081025228265
27.300000 0.0261089740532785
27.400000 0.0334024821061603
27.500000 0.0380881906396906
27.600000 0.0384295852534416
27.700000 0.0392104487593922
27.800000 0.0443012265810449
27.900000 0.0557401238229447
28.000000 0.0760520241703573
28.100000 0.1066441808619412
28.200000 0.1367035509857500
28.300000 0.1376454097287237
28.400000 0.1091190407648970
28.500000 0.0797574096876158
28.600000 0.0606902132577588
28.700000 0.0505630001304216
28.800000 0.0469166760589794
28.900000 0.0487074288543474
29.000000 0.0564339933546762
29.100000 0.0719921320025197
29.200000 0.0968645569966345
29.300000 0.1231808732843083
29.400000 0.1265571756531016
29.500000 0.1031266202414154
29.600000 0.0777182969959779
29.700000 0.0618490978622858
29.800000 0.0550440732689674
29.900000 0.0545812325354213
30.000000 0.0565559574196000
30.100000 0.0593252757972190
30.200000 0.0671344549258405
30.300000 0.0828593812171304
30.400000 0.0990146677414712
30.500000 0.0964189091747549
30.600000 0.0754582919794298
30.700000 0.0546023003910015
30.800000 0.0405405246857100
30.900000 0.0320421157111022
31.000000 0.0269254124745672
31.100000 0.0234918420631592
31.200000 0.0211849932100211
31.300000 0.0201811759615688
31.400000 0.0206634077834180
31.500000 0.0229237005592223
31.600000 0.0271508304302967
31.700000 0.0318096868282994
31.800000 0.0328364860978798
31.900000 0.0300767816182361
32.000000 0.0264232213898629
32.100000 0.0221188272919551
32.200000 0.0180995860659232
32.300000 0.0152578896879891
32.400000 0.0134656203155817
32.500000 0.0123741173163222
32.600000 0.0117338264098663
32.700000 0.0113968162269277
32.800000 0.0112783808359020
32.900000 0.0113304392603142
33.000000 0.0115266604603619
33.100000 0.0118545098578749
33.200000 0.0123110929645988
33.300000 0.0129011433200576
33.400000 0.0136363367841616
33.500000 0.0145355666190987
33.600000 0.0156260812804264
33.700000 0.0169455833505000
33.800000 0.0185455857008429
33.900000 0.0204965833984142
34.000000 0.0228960105703053
34.100000 0.0258806505901273
34.200000 0.0296464179400324
34.300000 0.0344807475499961
34.400000 0.0408172582965602
34.500000 0.0493310397437990
34.600000 0.0611100935606321
34.700000 0.0779714104343666
34.800000 0.1030430027841208
34.900000 0.1417442485174935