0.000000 0.0005149657199571
0.100000 0.0005217382218874
0.200000 0.0005286680140145
0.300000 0.0005357605253008
0.400000 0.0005430214395592
0.500000 0.0005504567109119
0.600000 0.0005580725804209
0.700000 0.0005658755939958
0.800000 0.0005738726217011
0.900000 0.0005820708785928
1.000000 0.0005904779472358
1.100000 0.0005991018020631
1.200000 0.0006079508357648
1.300000 0.0006170338879109
1.400000 0.0006263602760395
1.500000 0.0006359398294713
1.600000 0.0006457829261423
1.700000 0.0006559005327849
1.800000 0.0006663042488308
1.900000 0.0006770063544603
2.000000 0.0006880198632764
2.100000 0.0006993585801546
2.200000 0.0007110371648916
2.300000 0.0007230712023702
2.400000 0.0007354772800637
2.500000 0.0007482730738249
2.600000 0.0007614774430562
2.700000 0.0007751105365266
2.800000 0.0007891939103094
2.900000 0.0008037506595598
3.000000 0.0008188055661432
3.100000 0.0008343852644778
3.200000 0.0008505184283797
3.300000 0.0008672359822097
3.400000 0.0008845713402480
3.500000 0.0009025606789840
3.600000 0.0009212432479474
3.700000 0.0009406617258610
3.800000 0.0009608626303359
3.900000 0.0009818967911191
4.000000 0.0010038198991583
4.100000 0.0010266931465949
4.200000 0.0010505839764148
4.300000 0.0010755669651273
4.400000 0.0011017248678230
4.500000 0.0011291498627379
4.600000 0.0011579450426396
4.700000 0.0011882262138115
4.800000 0.0012201240813472
4.900000 0.0012537869236011
5.000000 0.0012893838914198
5.100000 0.0013271091127725
5.200000 0.0013671868458377
5.300000 0.0014098780112664
5.400000 0.0014554885589512
5.500000 0.0015043803041129
5.600000 0.0015569851296904
5.700000 0.0016138238407868
5.800000 0.0016755315427741
5.900000 0.0017428923128620
6.000000 0.0018168873378423
6.100000 0.0018987629260963
6.200000 0.0019901284411888
6.300000 0.0020931002678078
6.400000 0.0022105182775248
6.500000 0.0023462794279186
6.600000 0.0025058658998427
6.700000 0.0026972060369470
6.800000 0.0029321226486369
6.900000 0.0032288510674911
7.000000 0.0036165616391320
7.100000 0.0041437014361944
7.200000 0.0048934724991815
7.300000 0.0060108064641657
7.400000 0.0077346405748929
7.500000 0.0103413040970553
7.600000 0.0135569919776533
7.700000 0.0152762950594982
7.800000 0.0136688996334998
7.900000 0.0108177929027994
8.000000 0.0086683544356519
8.100000 0.0074048796993169
8.200000 0.0067524097118841
8.300000 0.0064906976893014
8.400000 0.0064940447762291
8.500000 0.0066992320850356
8.600000 0.0070811963973205
8.700000 0.0076406844464041
8.800000 0.0083999634581161
8.900000 0.0094042686560458
9.000000 0.0107287906919681
9.100000 0.0124931197725265
9.200000 0.0148879995548456
9.300000 0.0182244421517696
9.400000 0.0230250545018522
9.500000 0.0301939485581237
9.600000 0.0413124595557133
9.700000 0.0589875132474020
9.800000 0.0861911205923613
9.900000 0.1196885773192566
10.000000 0.1361727186945434
10.100000 0.1162928556314248
10.200000 0.0831930053193991
10.300000 0.0576258370803403
10.400000 0.0413427302811940
10.500000 0.0312696001535039
10.600000 0.0249392399863590
10.700000 0.0208823115760790
10.800000 0.0182663446031759
10.900000 0.0166178085762928
11.000000 0.0156659519829987
11.100000 0.0152607191877159
11.200000 0.0153312588598875
11.300000 0.0158677810531332
11.400000 0.0169195268647112
11.500000 0.0186082302037452
11.600000 0.0211627883625172
11.700000 0.0249898521892358
11.800000 0.0308088223898893
11.900000 0.0398877931423428
12.000000 0.0543137382492351
12.100000 0.0764042933669314
12.200000 0.1032607264648950
12.300000 0.1159818264434555
12.400000 0.1002239954703016
12.500000 0.0749696620715880
12.600000 0.0560677909201728
12.700000 0.0446612558136656
12.800000 0.0383649312259929
12.900000 0.0353352868520509
13.000000 0.0345387795999512
13.100000 0.0354788841569695
13.200000 0.0380018523967758
13.300000 0.0422112111844085
13.400000 0.0484636432624018
13.500000 0.0574397792975707
13.600000 0.0703142709149718
13.700000 0.0890930831856973
13.800000 0.1172557395650217
13.900000 0.1609174568201755
14.000000 0.2304952821219854
14.100000 0.3402249618686422
14.200000 0.4897916056606753
14.300000 0.6022549711420192
14.400000 0.5551144932527229
14.500000 0.4059899474761866
14.600000 0.2749698415257432
14.700000 0.1884506507262164
14.800000 0.1342559325925239
14.900000 0.0996940602176476
15.000000 0.0768557372569113
15.100000 0.0612065686655256
15.200000 0.0501341621530539
15.300000 0.0420891424330295
15.400000 0.0361208133984530
15.500000 0.0316266802255539
15.600000 0.0282141702490161
15.700000 0.0256219970829056
15.800000 0.0236741502210172
15.900000 0.0222523702665468
16.000000 0.0212795393276661
16.100000 0.0207098696947283
16.200000 0.0205236777465478
16.300000 0.0207256695903053
16.400000 0.0213464632610698
16.500000 0.0224478010031440
16.600000 0.0241328106356987
16.700000 0.0265640925519636
16.800000 0.0299949298527265
16.900000 0.0348237060602695
17.000000 0.0416910170238408
17.100000 0.0516575215599719
17.200000 0.0665351409535471
17.300000 0.0894914616663771
17.400000 0.1259903673134327
17.500000 0.1841210706177053
17.600000 0.2675712096580948
17.700000 0.3440888598784221
17.800000 0.3375788226826851
17.900000 0.2559032199491130
18.000000 0.1746032790985292
18.100000 0.1191579512705132
18.200000 0.0842863210174054
18.300000 0.0621161328211480
18.400000 0.0475119755480009
18.500000 0.0375105025628590
18.600000 0.0304102879971237
18.700000 0.0252077907597525
18.800000 0.0212900682195737
18.900000 0.0182693808866804
19.000000 0.0158923031140591
19.100000 0.0139882239493503
19.200000 0.0124392014828589
19.300000 0.0111617516959318
19.400000 0.0100955186240462
19.500000 0.0091960326523800
19.600000 0.0084299663583846
19.700000 0.0077719560412410
19.800000 0.0072024282903910
19.900000 0.0067060858649457
20.000000 0.0062708347798478
20.100000 0.0058870120890672
20.200000 0.0055468220762542
20.300000 0.0052439191427581
20.400000 0.0049730954430661
20.500000 0.0047300443109800
20.600000 0.0045111792029645
20.700000 0.0043134937758743
20.800000 0.0041344527691510
20.900000 0.0039719061867552
21.000000 0.0038240212677513
21.100000 0.0036892281575809
21.200000 0.0035661762189254
21.300000 0.0034536986695575
21.400000 0.0033507837854136
21.500000 0.0032565513161519
21.600000 0.0031702330668109
21.700000 0.0030911568304792
21.800000 0.0030187330328764
21.900000 0.0029524435846291
22.000000 0.0028918325411383
22.100000 0.0028364982508381
22.200000 0.0027860867359258
22.300000 0.0027402860994577
22.400000 0.0026988217921664
22.500000 0.0026614526038163
22.600000 0.0026279672691591
22.700000 0.0025981815989510
22.800000 0.0025719360631007
22.900000 0.0025490937666526
23.000000 0.0025295387706166
23.100000 0.0025131747191413
23.200000 0.0024999237426029
23.300000 0.0024897256131748
23.400000 0.0024825371356411
23.500000 0.0024783317618423
23.600000 0.0024770994224190
23.700000 0.0024788465746348
23.800000 0.0024835964702046
23.900000 0.0024913896524267
24.000000 0.0025022846977180
24.100000 0.0025163592231318
24.200000 0.0025337111888634
24.300000 0.0025544605334693
24.400000 0.0025787511899641
24.500000 0.0026067535436470
24.600000 0.0026386674081543
24.700000 0.0026747256157276
24.800000 0.0027151983422425
24.900000 0.0027603983187484
25.000000 0.0028106871212838
25.100000 0.0028664827824877
25.200000 0.0029282690360341
25.300000 0.0029966065937667
25.400000 0.0030721469734027
25.500000 0.0031556495528788
25.600000 0.0032480027416911
25.700000 0.0033502504529209
25.800000 0.0034636254658688
25.900000 0.0035895918387349
26.000000 0.0037298993398853
26.100000 0.0038866540323311
26.200000 0.0040624108529209
26.300000 0.0042602965687871
26.400000 0.0044841753466626
26.500000 0.0047388751317249
26.600000 0.0050305024592187
26.700000 0.0053668885899911
26.800000 0.0057582352424373
26.900000 0.0062180715932107
27.000000 0.0067647106948976
27.100000 0.0074235324961972
27.200000 0.0082306812803205
27.300000 0.0092392665461044
27.400000 0.0105301294149182
27.500000 0.0122310536853057
27.600000 0.0145510120254861
27.700000 0.0178352244819570
27.800000 0.0226078673981312
27.900000 0.0293260370247263
28.000000 0.0370311758827298
28.100000 0.0426515965650081
28.200000 0.0470410502214779
28.300000 0.0556841212114485
28.400000 0.0729234678693449
28.500000 0.1012124273055438
28.600000 0.1337854779033159
28.700000 0.1432126442631090
28.800000 0.1179014959345318
28.900000 0.0855844617213192
29.000000 0.0627382385712207
29.100000 0.0492898330788749
29.200000 0.0422750716430553
29.300000 0.0397595742472031
29.400000 0.0410132811221760
29.500000 0.0463408739923658
29.600000 0.0571470858275604
29.700000 0.0759558594099290
29.800000 0.1042305596689951
29.900000 0.1321088216959387
30.000000 0.1338084772538570
30.100000 0.1099534063673863
30.200000 0.0870484355661551
30.300000 0.0745599166546315
30.400000 0.0682276540991538
30.500000 0.0641539561669538
30.600000 0.0653658425867806
30.700000 0.0753417426240580
30.800000 0.0930720644295757
30.900000 0.1053247006131080
31.000000 0.0946811091713805
31.100000 0.0715532976322186
31.200000 0.0525319825152317
31.300000 0.0404806624590341
31.400000 0.0330630363925180
31.500000 0.0282666118864638
31.600000 0.0256092901734170
31.700000 0.0251290982777389
31.800000 0.0269384347303569
31.900000 0.0306353038674468
32.000000 0.0332565990733065
32.100000 0.0311601166729688
32.200000 0.0269392466560765
32.300000 0.0240885506932352
32.400000 0.0221642472588559
32.500000 0.0195018953294799
32.600000 0.0166154511479404
32.700000 0.0144664199624644
32.800000 0.0130955321189250
32.900000 0.0122701126111485
33.000000 0.0118068404184891
33.100000 0.0115950389925206
33.200000 0.0115715581203712
33.300000 0.0117013636857584
33.400000 0.0119664962274796
33.500000 0.0123602168157128
33.600000 0.0128840598455226
33.700000 0.0135465750671296
33.800000 0.0143631746506986
33.900000 0.0153568579752506
34.000000 0.0165598144384854
34.100000 0.0180160951401214
34.200000 0.0197857643568289
34.300000 0.0219512616004759
34.400000 0.0246272297681873
34.500000 0.0279759817914532
34.600000 0.0322324477465574
34.700000 0.0377455872447664
34.800000 0.0450493380693728
34.900000 0.0549881884704567