0.000000 0.0005149657199571
0.100000 0.0005217382218874
0.200000 0.0005286680140145
0.300000 0.0005357605253008
0.400000 0.0005430214395592
0.500000 0.0005504567109119
0.600000 0.0005580725804209
0.700000 0.0005658755939958
0.800000 0.0005738726217011
0.900000 0.0005820708785928
1.000000 0.0005904779472358
1.100000 0.0005991018020631
1.200000 0.0006079508357648
1.300000 0.0006170338879109
1.400000 0.0006263602760395
1.500000 0.0006359398294713
1.600000 0.0006457829261423
1.700000 0.0006559005327849
1.800000 0.0006663042488308
1.900000 0.0006770063544603
2.000000 0.0006880198632764
2.100000 0.0006993585801546
2.200000 0.0007110371648916
2.300000 0.0007230712023702
2.400000 0.0007354772800637
2.500000 0.0007482730738249
2.600000 0.0007614774430562
2.700000 0.0007751105365266
2.800000 0.0007891939103094
2.900000 0.0008037506595598
3.000000 0.0008188055661432
3.100000 0.0008343852644778
3.200000 0.0008505184283797
3.300000 0.0008672359822097
3.400000 0.0008845713402480
3.500000 0.0009025606789840
3.600000 0.0009212432479474
3.700000 0.0009406617258610
3.800000 0.0009608626303359
3.900000 0.0009818967911191
4.000000 0.0010038198991583
4.100000 0.0010266931465949
4.200000 0.0010505839764148
4.300000 0.0010755669651273
4.400000 0.0011017248678230
4.500000 0.0011291498627379
4.600000 0.0011579450426396
4.700000 0.0011882262138115
4.800000 0.0012201240813472
4.900000 0.0012537869236011
5.000000 0.0012893838914198
5.100000 0.0013271091127725
5.200000 0.0013671868458377
5.300000 0.0014098780112664
5.400000 0.0014554885589512
5.500000 0.0015043803041129
5.600000 0.0015569851296904
5.700000 0.0016138238407868
5.800000 0.0016755315427741
5.900000 0.0017428923128620
6.000000 0.0018168873378423
6.100000 0.0018987629260963
6.200000 0.0019901284411888
6.300000 0.0020931002678078
6.400000 0.0022105182775247
6.500000 0.0023462794279185
6.600000 0.0025058658998426
6.700000 0.0026972060369469
6.800000 0.0029321226486367
6.900000 0.0032288510674909
7.000000 0.0036165616391317
7.100000 0.0041437014361939
7.200000 0.0048934724991809
7.300000 0.0060108064641646
7.400000 0.0077346405748911
7.500000 0.0103413040970526
7.600000 0.0135569919776510
7.700000 0.0152762950594994
7.800000 0.0136688996335039
7.900000 0.0108177929028032
8.000000 0.0086683544356545
8.100000 0.0074048796993186
8.200000 0.0067524097118853
8.300000 0.0064906976893022
8.400000 0.0064940447762298
8.500000 0.0066992320850362
8.600000 0.0070811963973210
8.700000 0.0076406844464046
8.800000 0.0083999634581167
8.900000 0.0094042686560465
9.000000 0.0107287906919689
9.100000 0.0124931197725276
9.200000 0.0148879995548471
9.300000 0.0182244421517717
9.400000 0.0230250545018552
9.500000 0.0301939485581284
9.600000 0.0413124595557206
9.700000 0.0589875132474136
9.800000 0.0861911205923783
9.900000 0.1196885773192732
10.000000 0.1361727186945430
10.100000 0.1162928556314090
10.200000 0.0831930053193836
10.300000 0.0576258370803298
10.400000 0.0413427302811874
10.500000 0.0312696001534996
10.600000 0.0249392399863560
10.700000 0.0208823115760769
10.800000 0.0182663446031743
10.900000 0.0166178085762915
11.000000 0.0156659519829975
11.100000 0.0152607191877148
11.200000 0.0153312588598864
11.300000 0.0158677810531320
11.400000 0.0169195268647099
11.500000 0.0186082302037435
11.600000 0.0211627883625151
11.700000 0.0249898521892329
11.800000 0.0308088223898852
11.900000 0.0398877931423364
12.000000 0.0543137382492252
12.100000 0.0764042933669174
12.200000 0.1032607264648829
12.300000 0.1159818264434599
12.400000 0.1002239954703189
12.500000 0.0749696620716031
12.600000 0.0560677909201821
12.700000 0.0446612558136703
12.800000 0.0383649312259947
12.900000 0.0353352868520506
13.000000 0.0345387795999491
13.100000 0.0354788841569659
13.200000 0.0380018523967703
13.300000 0.0422112111844009
13.400000 0.0484636432623912
13.500000 0.0574397792975559
13.600000 0.0703142709149507
13.700000 0.0890930831856665
13.800000 0.1172557395649750
13.900000 0.1609174568201021
14.000000 0.2304952821218681
14.100000 0.3402249618684631
14.200000 0.4897916056604683
14.300000 0.6022549711419586
14.400000 0.5551144932528858
14.500000 0.4059899474763868
14.600000 0.2749698415258856
14.700000 0.1884506507263060
14.800000 0.1342559325925801
14.900000 0.0996940602176841
15.000000 0.0768557372569359
15.100000 0.0612065686655427
15.200000 0.0501341621530662
15.300000 0.0420891424330385
15.400000 0.0361208133984598
15.500000 0.0316266802255590
15.600000 0.0282141702490200
15.700000 0.0256219970829085
15.800000 0.0236741502210194
15.900000 0.0222523702665484
16.000000 0.0212795393276671
16.100000 0.0207098696947288
16.200000 0.0205236777465478
16.300000 0.0207256695903048
16.400000 0.0213464632610689
16.500000 0.0224478010031424
16.600000 0.0241328106356963
16.700000 0.0265640925519601
16.800000 0.0299949298527217
16.900000 0.0348237060602627
17.000000 0.0416910170238310
17.100000 0.0516575215599576
17.200000 0.0665351409535256
17.300000 0.0894914616663434
17.400000 0.1259903673133788
17.500000 0.1841210706176213
17.600000 0.2675712096579878
17.700000 0.3440888598783647
17.800000 0.3375788226827455
17.900000 0.2559032199492126
18.000000 0.1746032790986047
18.100000 0.1191579512705612
18.200000 0.0842863210174355
18.300000 0.0621161328211674
18.400000 0.0475119755480138
18.500000 0.0375105025628680
18.600000 0.0304102879971302
18.700000 0.0252077907597573
18.800000 0.0212900682195774
18.900000 0.0182693808866832
19.000000 0.0158923031140613
19.100000 0.0139882239493521
19.200000 0.0124392014828604
19.300000 0.0111617516959331
19.400000 0.0100955186240473
19.500000 0.0091960326523808
19.600000 0.0084299663583853
19.700000 0.0077719560412416
19.800000 0.0072024282903916
19.900000 0.0067060858649462
20.000000 0.0062708347798483
20.100000 0.0058870120890676
20.200000 0.0055468220762545
20.300000 0.0052439191427584
20.400000 0.0049730954430664
20.500000 0.0047300443109802
20.600000 0.0045111792029647
20.700000 0.0043134937758745
20.800000 0.0041344527691512
20.900000 0.0039719061867554
21.000000 0.0038240212677515
21.100000 0.0036892281575811
21.200000 0.0035661762189256
21.300000 0.0034536986695577
21.400000 0.0033507837854137
21.500000 0.0032565513161520
21.600000 0.0031702330668110
21.700000 0.0030911568304793
21.800000 0.0030187330328765
21.900000 0.0029524435846292
22.000000 0.0028918325411384
22.100000 0.0028364982508382
22.200000 0.0027860867359259
22.300000 0.0027402860994578
22.400000 0.0026988217921665
22.500000 0.0026614526038164
22.600000 0.0026279672691592
22.700000 0.0025981815989511
22.800000 0.0025719360631008
22.900000 0.0025490937666527
23.000000 0.0025295387706166
23.100000 0.0025131747191414
23.200000 0.0024999237426030
23.300000 0.0024897256131749
23.400000 0.0024825371356412
23.500000 0.0024783317618424
23.600000 0.0024770994224191
23.700000 0.0024788465746348
23.800000 0.0024835964702047
23.900000 0.0024913896524268
24.000000 0.0025022846977181
24.100000 0.0025163592231319
24.200000 0.0025337111888634
24.300000 0.0025544605334694
24.400000 0.0025787511899642
24.500000 0.0026067535436471
24.600000 0.0026386674081544
24.700000 0.0026747256157277
24.800000 0.0027151983422426
24.900000 0.0027603983187485
25.000000 0.0028106871212839
25.100000 0.0028664827824878
25.200000 0.0029282690360341
25.300000 0.0029966065937668
25.400000 0.0030721469734028
25.500000 0.0031556495528789
25.600000 0.0032480027416912
25.700000 0.0033502504529209
25.800000 0.0034636254658689
25.900000 0.0035895918387350
26.000000 0.0037298993398854
26.100000 0.0038866540323311
26.200000 0.0040624108529210
26.300000 0.0042602965687871
26.400000 0.0044841753466626
26.500000 0.0047388751317249
26.600000 0.0050305024592187
26.700000 0.0053668885899911
26.800000 0.0057582352424372
26.900000 0.0062180715932106
27.000000 0.0067647106948974
27.100000 0.0074235324961970
27.200000 0.0082306812803202
27.300000 0.0092392665461039
27.400000 0.0105301294149176
27.500000 0.0122310536853047
27.600000 0.0145510120254847
27.700000 0.0178352244819550
27.800000 0.0226078673981282
27.900000 0.0293260370247223
28.000000 0.0370311758827253
28.100000 0.0426515965650027
28.200000 0.0470410502214673
28.300000 0.0556841212114273
28.400000 0.0729234678693080
28.500000 0.1012124273054910
28.600000 0.1337854779032780
28.700000 0.1432126442631403
28.800000 0.1179014959346037
28.900000 0.0855844617213797
29.000000 0.0627382385712610
29.100000 0.0492898330789014
29.200000 0.0422750716430738
29.300000 0.0397595742472173
29.400000 0.0410132811221883
29.500000 0.0463408739923783
29.600000 0.0571470858275750
29.700000 0.0759558594099481
29.800000 0.1042305596690202
29.900000 0.1321088216959645
30.000000 0.1338084772538735
30.100000 0.1099534063673943
30.200000 0.0870484355661594
30.300000 0.0745599166546330
30.400000 0.0682276540991511
30.500000 0.0641539561669452
30.600000 0.0653658425867647
30.700000 0.0753417426240325
30.800000 0.0930720644295457
30.900000 0.1053247006130968
31.000000 0.0946811091713963
31.100000 0.0715532976322388
31.200000 0.0525319825152453
31.300000 0.0404806624590414
31.400000 0.0330630363925209
31.500000 0.0282666118864643
31.600000 0.0256092901734163
31.700000 0.0251290982777368
31.800000 0.0269384347303529
31.900000 0.0306353038674407
32.000000 0.0332565990733003
32.100000 0.0311601166729645
32.200000 0.0269392466560738
32.300000 0.0240885506932341
32.400000 0.0221642472588583
32.500000 0.0195018953294852
32.600000 0.0166154511479452
32.700000 0.0144664199624680
32.800000 0.0130955321189276
32.900000 0.0122701126111505
33.000000 0.0118068404184908
33.100000 0.0115950389925221
33.200000 0.0115715581203727
33.300000 0.0117013636857599
33.400000 0.0119664962274813
33.500000 0.0123602168157146
33.600000 0.0128840598455245
33.700000 0.0135465750671317
33.800000 0.0143631746507010
33.900000 0.0153568579752533
34.000000 0.0165598144384885
34.100000 0.0180160951401250
34.200000 0.0197857643568331
34.300000 0.0219512616004809
34.400000 0.0246272297681935
34.500000 0.0279759817914608
34.600000 0.0322324477465671
34.700000 0.0377455872447789
34.800000 0.0450493380693894
34.900000 0.0549881884704793