0.000000 0.0005149711398270
0.100000 0.0005217436728916
0.200000 0.0005286734964390
0.300000 0.0005357660394386
0.400000 0.0005430269857109
0.500000 0.0005504622893865
0.600000 0.0005580781915363
0.700000 0.0005658812380802
0.800000 0.0005738782990936
0.900000 0.0005820765896451
1.000000 0.0005904836923130
1.100000 0.0005991075815458
1.200000 0.0006079566500507
1.300000 0.0006170397374164
1.400000 0.0006263661612027
1.500000 0.0006359457507541
1.600000 0.0006457888840338
1.700000 0.0006559065278044
1.800000 0.0006663102815323
1.900000 0.0006770124254365
2.000000 0.0006880259731644
2.100000 0.0006993647296416
2.200000 0.0007110433547220
2.300000 0.0007230774333535
2.400000 0.0007354835530836
2.500000 0.0007482793898506
2.600000 0.0007614838031542
2.700000 0.0007751169418757
2.800000 0.0007892003622173
2.900000 0.0008037571594829
3.000000 0.0008188121157096
3.100000 0.0008343918655148
3.200000 0.0008505250829452
3.300000 0.0008672426926299
3.400000 0.0008845781091621
3.500000 0.0009025675093965
3.600000 0.0009212501432908
3.700000 0.0009406686900707
3.800000 0.0009608696679394
3.900000 0.0009819039073435
4.000000 0.0010038271000596
4.100000 0.0010267004392147
4.200000 0.0010505913689703
4.300000 0.0010755744672436
4.400000 0.0011017324908177
4.500000 0.0011291576199713
4.600000 0.0011579529499490
4.700000 0.0011882342900515
4.800000 0.0012201323490663
4.900000 0.0012537954098948
5.000000 0.0012893926290125
5.100000 0.0013271181414010
5.200000 0.0013671962140320
5.300000 0.0014098877786630
5.400000 0.0014554987993241
5.500000 0.0015043911093844
5.600000 0.0015569966152935
5.700000 0.0016138361529182
5.800000 0.0016755448683264
5.900000 0.0017429068932105
6.000000 0.0018169034882699
6.100000 0.0018987810636119
6.200000 0.0019901491250882
6.300000 0.0020931242599961
6.400000 0.0022105466342129
6.500000 0.0023463136424181
6.600000 0.0025059081309286
6.700000 0.0026972594848550
6.800000 0.0029321921938736
6.900000 0.0032289443921616
7.000000 0.0036166912574237
7.100000 0.0041438884531146
7.200000 0.0048937535090974
7.300000 0.0060112448188554
7.400000 0.0077353345025960
7.500000 0.0103423272125764
7.600000 0.0135580532224475
7.700000 0.0152764957734381
7.800000 0.0136682287623118
7.900000 0.0108170717305802
8.000000 0.0086678494178734
8.100000 0.0074045444542428
8.200000 0.0067521721565146
8.300000 0.0064905098329806
8.400000 0.0064938771987850
8.500000 0.0066990653200141
8.600000 0.0070810153270586
8.700000 0.0076404747439888
8.800000 0.0083997088431040
8.900000 0.0094039480350228
9.000000 0.0107283742938768
9.100000 0.0124925630484325
9.200000 0.0148872327041857
9.300000 0.0182233511686965
9.400000 0.0230234455141113
9.500000 0.0301914789962575
9.600000 0.0413085097897381
9.700000 0.0589810495933929
9.800000 0.0861813785471597
9.900000 0.1196791787250960
10.000000 0.1361739143979048
10.100000 0.1163035725756052
10.200000 0.0832032252656966
10.300000 0.0576327112183419
10.400000 0.0413470590109228
10.500000 0.0312723746094387
10.600000 0.0249410917329703
10.700000 0.0208836046866360
10.800000 0.0182672899817258
10.900000 0.0166185331532465
11.000000 0.0156665365389100
11.100000 0.0152612192251275
11.200000 0.0153317169110450
11.300000 0.0158682350182972
11.400000 0.0169200172061608
11.500000 0.0186088083666778
11.600000 0.0211635294292724
11.700000 0.0249908766920721
11.800000 0.0308103352519108
11.900000 0.0398901456041328
12.000000 0.0543174633918654
12.100000 0.0764097213895293
12.200000 0.1032659776330497
12.300000 0.1159818507566675
12.400000 0.1002193596269319
12.500000 0.0749650515059757
12.600000 0.0560645193705207
12.700000 0.0446589714974681
12.800000 0.0383631833283733
12.900000 0.0353337706666009
13.000000 0.0345372931562048
13.100000 0.0354772721897848
13.200000 0.0379999661684887
13.300000 0.0422088754251131
13.400000 0.0484606187962869
13.500000 0.0574357079138783
13.600000 0.0703085814487630
13.700000 0.0890848206470960
13.800000 0.1172432499301756
13.900000 0.1608978486117810
14.000000 0.2304638660703404
14.100000 0.3401770088445971
14.200000 0.4897365941939404
14.300000 0.6022406842303567
14.400000 0.5551615819504605
14.500000 0.4060467622388270
14.600000 0.2750101948729699
14.700000 0.1884761267382922
14.800000 0.1342720294903876
14.900000 0.0997045767278260
15.000000 0.0768628831376367
15.100000 0.0612116078239859
15.200000 0.0501378348280785
15.300000 0.0420918973344329
15.400000 0.0361229323518139
15.500000 0.0316283462590499
15.600000 0.0282155059064907
15.700000 0.0256230866980558
15.800000 0.0236750532884421
15.900000 0.0222531297139928
16.000000 0.0212801867789185
16.100000 0.0207104289057737
16.200000 0.0205241669040532
16.300000 0.0207261028849902
16.400000 0.0213468519892972
16.500000 0.0224481543556515
16.600000 0.0241331362743660
16.700000 0.0265643970373611
16.800000 0.0299952189558369
16.900000 0.0348239849609601
17.000000 0.0416912903528609
17.100000 0.0516577931628740
17.200000 0.0665354131576819
17.300000 0.0894917340559983
17.400000 0.1259906381242203
17.500000 0.1841213642262475
17.600000 0.2675717310080766
17.700000 0.3440902646842752
17.800000 0.3375813052710223
17.900000 0.2559056279631657
18.000000 0.1746050113347037
18.100000 0.1191591170735542
18.200000 0.0842871231641891
18.300000 0.0621167099052831
18.400000 0.0475124098812165
18.500000 0.0375108427203684
18.600000 0.0304105634942530
18.700000 0.0252080202195287
18.800000 0.0212902638421957
18.900000 0.0182695509470086
19.000000 0.0158924534025339
19.100000 0.0139883586321363
19.200000 0.0124393236324698
19.300000 0.0111618636287382
19.400000 0.0100956221210390
19.500000 0.0091961291072924
19.600000 0.0084300568793947
19.700000 0.0077720415222830
19.800000 0.0072025094621204
19.900000 0.0067061633318035
20.000000 0.0062709090474497
20.100000 0.0058870835847421
20.200000 0.0055468911646558
20.300000 0.0052439861378810
20.400000 0.0049731606176030
20.500000 0.0047301079036891
20.600000 0.0045112414245287
20.700000 0.0043135548136072
20.800000 0.0041345127908117
20.900000 0.0039719653436676
21.000000 0.0038240796973771
21.100000 0.0036892859856598
21.200000 0.0035662335612698
21.300000 0.0034537556335706
21.400000 0.0033508404713835
21.500000 0.0032566078183655
21.600000 0.0031702894745207
21.700000 0.0030912132287501
21.800000 0.0030187895033360
21.900000 0.0029525002061388
22.000000 0.0028918893904010
22.100000 0.0028365554029550
22.200000 0.0027861442649138
22.300000 0.0027403440787362
22.400000 0.0026988802950230
22.500000 0.0026615117038577
22.600000 0.0026280270407556
22.700000 0.0025982421176803
22.800000 0.0025719974061981
22.900000 0.0025491560134740
23.000000 0.0025296020031210
23.100000 0.0025132390224001
23.200000 0.0024999892053435
23.300000 0.0024897923283672
23.400000 0.0024826052011372
23.500000 0.0024784012810779
23.600000 0.0024771705051923
23.700000 0.0024789193379750
23.800000 0.0024836710393483
23.900000 0.0024914661619218
24.000000 0.0025023632926804
24.100000 0.0025164400606839
24.200000 0.0025337944397891
24.300000 0.0025545463841304
24.400000 0.0025788398445302
24.500000 0.0026068452267057
24.600000 0.0026387623677833
24.700000 0.0026748241271316
24.800000 0.0027153007120855
24.900000 0.0027605048903458
25.000000 0.0028107982808679
25.100000 0.0028665989668190
25.200000 0.0029283907417183
25.300000 0.0029967343887478
25.400000 0.0030722815112611
25.500000 0.0031557915907786
25.600000 0.0032481531631277
25.700000 0.0033504102968551
25.800000 0.0034637959644655
25.900000 0.0035897744668512
26.000000 0.0037300958808449
26.100000 0.0038868666666373
26.200000 0.0040626422798575
26.300000 0.0042605501760941
26.400000 0.0044844554520095
26.500000 0.0047391873339649
26.600000 0.0050308541619205
26.700000 0.0053672898031387
26.800000 0.0057586998473818
26.900000 0.0062186194047758
27.000000 0.0067653709405795
27.100000 0.0074243498832365
27.200000 0.0082317268171144
27.300000 0.0092406565487282
27.400000 0.0105320540021090
27.500000 0.0122337871750667
27.600000 0.0145547548812321
27.700000 0.0178396583705187
27.800000 0.0226123970880172
27.900000 0.0293305886987218
28.000000 0.0370354640540332
28.100000 0.0426547968561840
28.200000 0.0470433688561389
28.300000 0.0556862562735161
28.400000 0.0729258608991511
28.500000 0.1012152633057553
28.600000 0.1337881385887572
28.700000 0.1432137624046277
28.800000 0.1179015119246340
28.900000 0.0855845587216125
29.000000 0.0627387285986165
29.100000 0.0492907044620183
29.200000 0.0422763318767538
29.300000 0.0397613196468015
29.400000 0.0410157326606352
29.500000 0.0463444472574374
29.600000 0.0571524952285707
29.700000 0.0759640494371908
29.800000 0.1042413018831223
29.900000 0.1321165327439962
30.000000 0.1338065601236554
30.100000 0.1099470641702229
30.200000 0.0870431322725275
30.300000 0.0745569642750400
30.400000 0.0682275139150084
30.500000 0.0641544326188399
30.600000 0.0653639412095988
30.700000 0.0753364873393642
30.800000 0.0930666068156350
30.900000 0.1053296384067957
31.000000 0.0946981902342466
31.100000 0.0715706160772832
31.200000 0.0525450455491647
31.300000 0.0404904467104440
31.400000 0.0330706729826071
31.500000 0.0282728521950916
31.600000 0.0256150161652235
31.700000 0.0251352107699725
31.800000 0.0269458227780702
31.900000 0.0306443786972743
32.000000 0.0332659896696817
32.100000 0.0311679644068455
32.200000 0.0269459459557780
32.300000 0.0240952010319148
32.400000 0.0221711513439514
32.500000 0.0195080707028618
32.600000 0.0166201413275514
32.700000 0.0144698298922784
32.800000 0.0130980842191139
32.900000 0.0122721170859646
33.000000 0.0118084923639203
33.100000 0.0115964617863623
33.200000 0.0115728346160372
33.300000 0.0117025549398312
33.400000 0.0119676532973204
33.500000 0.0123613897323168
33.600000 0.0128853068419902
33.700000 0.0135479751911145
33.800000 0.0143648471282876
33.900000 0.0153589855713867
34.000000 0.0165626215614564
34.100000 0.0180195931611098
34.200000 0.0197893526356650
34.300000 0.0219542994962480
34.400000 0.0246297028192662
34.500000 0.0279781412915065
34.600000 0.0322345323791954
34.700000 0.0377478017545221
34.800000 0.0450518957335724
34.900000 0.0549913674356056
