material	wavelength_nm	qabs	cabs_nm2
Ag	300.0	7.18744393e-01	9.03200842e+02
Ag	300.5	7.10778231e-01	8.93190267e+02
Ag	301.0	7.03142236e-01	8.83594593e+02
Ag	301.5	6.95824538e-01	8.74398903e+02
Ag	302.0	6.88813806e-01	8.65588957e+02
Ag	302.5	6.82099220e-01	8.57151159e+02
Ag	303.0	6.75670459e-01	8.49072540e+02
Ag	303.5	6.69517674e-01	8.41340722e+02
Ag	304.0	6.63631472e-01	8.33943903e+02
Ag	304.5	6.58002896e-01	8.26870825e+02
Ag	305.0	6.52623405e-01	8.20110757e+02
Ag	305.5	6.47484857e-01	8.13653468e+02
Ag	306.0	6.42579491e-01	8.07489204e+02
Ag	306.5	6.37899913e-01	8.01608672e+02
Ag	307.0	6.33439073e-01	7.96003015e+02
Ag	307.5	6.29190258e-01	7.90663797e+02
Ag	308.0	6.25147072e-01	7.85582979e+02
Ag	308.5	6.21303421e-01	7.80752905e+02
Ag	309.0	6.17653503e-01	7.76166284e+02
Ag	309.5	6.14191795e-01	7.71816173e+02
Ag	310.0	6.10913037e-01	7.67695963e+02
Ag	310.5	6.07812222e-01	7.63799365e+02
Ag	311.0	6.04884588e-01	7.60120392e+02
Ag	311.5	6.02125604e-01	7.56653349e+02
Ag	312.0	5.99530958e-01	7.53392821e+02
Ag	312.5	5.97096554e-01	7.50333659e+02
Ag	313.0	5.94818497e-01	7.47470969e+02
Ag	313.5	5.92693088e-01	7.44800100e+02
Ag	314.0	5.90716812e-01	7.42316638e+02
Ag	314.5	5.88886335e-01	7.40016393e+02
Ag	315.0	5.87198493e-01	7.37895388e+02
Ag	315.5	5.85650287e-01	7.35949856e+02
Ag	316.0	5.84238877e-01	7.34176225e+02
Ag	316.5	5.82961572e-01	7.32571116e+02
Ag	317.0	5.81815828e-01	7.31131333e+02
Ag	317.5	5.80799243e-01	7.29853855e+02
Ag	318.0	5.79909549e-01	7.28735831e+02
Ag	318.5	5.79144605e-01	7.27774575e+02
Ag	319.0	5.78502401e-01	7.26967557e+02
Ag	319.5	5.77981043e-01	7.26312399e+02
Ag	320.0	5.77578757e-01	7.25806872e+02
Ag	320.5	5.77293881e-01	7.25448886e+02
Ag	321.0	5.77124862e-01	7.25236490e+02
Ag	321.5	5.77070253e-01	7.25167867e+02
Ag	322.0	5.77128710e-01	7.25241327e+02
Ag	322.5	5.77298989e-01	7.25455305e+02
Ag	323.0	5.77579941e-01	7.25808360e+02
Ag	323.5	5.77970513e-01	7.26299167e+02
Ag	324.0	5.78469742e-01	7.26926517e+02
Ag	324.5	5.79076755e-01	7.27689312e+02
Ag	325.0	5.79790767e-01	7.28586566e+02
Ag	325.5	5.80611077e-01	7.29617397e+02
Ag	326.0	5.81537066e-01	7.30781030e+02
Ag	326.5	5.82568200e-01	7.32076792e+02
Ag	327.0	5.83704023e-01	7.33504108e+02
Ag	327.5	5.84944156e-01	7.35062506e+02
Ag	328.0	5.86288301e-01	7.36751608e+02
Ag	328.5	5.87736234e-01	7.38571133e+02
Ag	329.0	5.89287805e-01	7.40520895e+02
Ag	329.5	5.90942940e-01	7.42600800e+02
Ag	330.0	5.92701639e-01	7.44810845e+02
Ag	330.5	5.94563972e-01	7.47151123e+02
Ag	331.0	5.96530085e-01	7.49621813e+02
Ag	331.5	5.98600192e-01	7.52223186e+02
Ag	332.0	6.00774580e-01	7.54955602e+02
Ag	332.5	6.03053607e-01	7.57819513e+02
Ag	333.0	6.05437703e-01	7.60815456e+02
Ag	333.5	6.07927367e-01	7.63944060e+02
Ag	334.0	6.10523170e-01	7.67206042e+02
Ag	334.5	6.13225754e-01	7.70602210e+02
Ag	335.0	6.16035834e-01	7.74133460e+02
Ag	335.5	6.18954194e-01	7.77800780e+02
Ag	336.0	6.21981693e-01	7.81605247e+02
Ag	336.5	6.25119262e-01	7.85548032e+02
Ag	337.0	6.28367904e-01	7.89630397e+02
Ag	337.5	6.31728700e-01	7.93853698e+02
Ag	338.0	6.35202804e-01	7.98219385e+02
Ag	338.5	6.38791447e-01	8.02729007e+02
Ag	339.0	6.42495937e-01	8.07384206e+02
Ag	339.5	6.46317662e-01	8.12186728e+02
Ag	340.0	6.50258090e-01	8.17138415e+02
Ag	340.5	6.54318769e-01	8.22241216e+02
Ag	341.0	6.58501334e-01	8.27497181e+02
Ag	341.5	6.62807501e-01	8.32908470e+02
Ag	342.0	6.67239075e-01	8.38477350e+02
Ag	342.5	6.71797950e-01	8.44206202e+02
Ag	343.0	6.76486111e-01	8.50097519e+02
Ag	343.5	6.81305636e-01	8.56153913e+02
Ag	344.0	6.86258699e-01	8.62378115e+02
Ag	344.5	6.91347573e-01	8.68772982e+02
Ag	345.0	6.96574630e-01	8.75341496e+02
Ag	345.5	7.01942348e-01	8.82086769e+02
Ag	346.0	7.07453311e-01	8.89012050e+02
Ag	346.5	7.13110215e-01	8.96120725e+02
Ag	347.0	7.18915867e-01	9.03416322e+02
Ag	347.5	7.24873193e-01	9.10902519e+02
Ag	348.0	7.30985240e-01	9.18583144e+02
Ag	348.5	7.37255180e-01	9.26462182e+02
Ag	349.0	7.43686313e-01	9.34543783e+02
Ag	349.5	7.50282075e-01	9.42832262e+02
Ag	350.0	7.57046038e-01	9.51332109e+02
Ag	350.5	7.63981919e-01	9.60047994e+02
Ag	351.0	7.71093583e-01	9.68984774e+02
Ag	351.5	7.78385047e-01	9.78147498e+02
Ag	352.0	7.85860489e-01	9.87541415e+02
Ag	352.5	7.93524251e-01	9.97171983e+02
Ag	353.0	8.01380848e-01	1.00704487e+03
Ag	353.5	8.09434971e-01	1.01716598e+03
Ag	354.0	8.17691497e-01	1.02754144e+03
Ag	354.5	8.26155492e-01	1.03817761e+03
Ag	355.0	8.34832222e-01	1.04908111e+03
Ag	355.5	8.43727161e-01	1.06025882e+03
Ag	356.0	8.52845994e-01	1.07171788e+03
Ag	356.5	8.62194630e-01	1.08346573e+03
Ag	357.0	8.71779208e-01	1.09551006e+03
Ag	357.5	8.81606105e-01	1.10785891e+03
Ag	358.0	8.91681949e-01	1.12052058e+03
Ag	358.5	9.02013623e-01	1.13350375e+03
Ag	359.0	9.12608275e-01	1.14681738e+03
Ag	359.5	9.23473333e-01	1.16047082e+03
Ag	360.0	9.34616507e-01	1.17447374e+03
Ag	360.5	9.46045802e-01	1.18883622e+03
Ag	361.0	9.57769529e-01	1.20356869e+03
Ag	361.5	9.69796310e-01	1.21868199e+03
Ag	362.0	9.82135093e-01	1.23418736e+03
Ag	362.5	9.94795154e-01	1.25009646e+03
Ag	363.0	1.00778611e+00	1.26642137e+03
Ag	363.5	1.02111792e+00	1.28317462e+03
Ag	364.0	1.03480091e+00	1.30036917e+03
Ag	364.5	1.04884574e+00	1.31801842e+03
Ag	365.0	1.06326345e+00	1.33613625e+03
Ag	365.5	1.07806543e+00	1.35473698e+03
Ag	366.0	1.09326345e+00	1.37383537e+03
Ag	366.5	1.10886961e+00	1.39344665e+03
Ag	367.0	1.12489639e+00	1.41358649e+03
Ag	367.5	1.14135658e+00	1.43427098e+03
Ag	368.0	1.15826331e+00	1.45551661e+03
Ag	368.5	1.17563001e+00	1.47734024e+03
Ag	369.0	1.19347037e+00	1.49975910e+03
Ag	369.5	1.21179833e+00	1.52279070e+03
Ag	370.0	1.23062802e+00	1.54645278e+03
Ag	370.5	1.24997370e+00	1.57076328e+03
Ag	371.0	1.26984972e+00	1.59574022e+03
Ag	371.5	1.29027041e+00	1.62140161e+03
Ag	372.0	1.31125002e+00	1.64776537e+03
Ag	372.5	1.33280260e+00	1.67484914e+03
Ag	373.0	1.35494188e+00	1.70267018e+03
Ag	373.5	1.37768114e+00	1.73124518e+03
Ag	374.0	1.40103305e+00	1.76059006e+03
Ag	374.5	1.42500950e+00	1.79071975e+03
Ag	375.0	1.44962140e+00	1.82164797e+03
Ag	375.5	1.47487849e+00	1.85338698e+03
Ag	376.0	1.50078914e+00	1.88594725e+03
Ag	376.5	1.52736007e+00	1.91933727e+03
Ag	377.0	1.55459618e+00	1.95356318e+03
Ag	377.5	1.58250031e+00	1.98862854e+03
Ag	378.0	1.61107302e+00	2.02453406e+03
Ag	378.5	1.64031245e+00	2.06127742e+03
Ag	379.0	1.67021421e+00	2.09885308e+03
Ag	379.5	1.70077131e+00	2.13725226e+03
Ag	380.0	1.73197421e+00	2.17646298e+03
Ag	380.5	1.76381099e+00	2.21647026e+03
Ag	381.0	1.79626765e+00	2.25725650e+03
Ag	381.5	1.82932855e+00	2.29880205e+03
Ag	382.0	1.86297703e+00	2.34108598e+03
Ag	382.5	1.89719619e+00	2.38408705e+03
Ag	383.0	1.93196989e+00	2.42778496e+03
Ag	383.5	1.96728379e+00	2.47216172e+03
Ag	384.0	2.00312664e+00	2.51720317e+03
Ag	384.5	2.03949153e+00	2.56290064e+03
Ag	385.0	2.07637719e+00	2.60925253e+03
Ag	385.5	2.11378926e+00	2.65626593e+03
Ag	386.0	2.15174139e+00	2.70395797e+03
Ag	386.5	2.19025611e+00	2.75235700e+03
Ag	387.0	2.22936552e+00	2.80150334e+03
Ag	387.5	2.26911160e+00	2.85144974e+03
Ag	388.0	2.30954620e+00	2.90226136e+03
Ag	388.5	2.35073070e+00	2.95401532e+03
Ag	389.0	2.39273534e+00	3.00679990e+03
Ag	389.5	2.43563829e+00	3.06071335e+03
Ag	390.0	2.47952455e+00	3.11586244e+03
Ag	390.5	2.52448460e+00	3.17236091e+03
Ag	391.0	2.57061310e+00	3.23032770e+03
Ag	391.5	2.61800756e+00	3.28988532e+03
Ag	392.0	2.66676701e+00	3.35115826e+03
Ag	392.5	2.71699092e+00	3.41427149e+03
Ag	393.0	2.76877813e+00	3.47934922e+03
Ag	393.5	2.82222604e+00	3.54651383e+03
Ag	394.0	2.87742990e+00	3.61588506e+03
Ag	394.5	2.93448237e+00	3.68757931e+03
Ag	395.0	2.99347307e+00	3.76170921e+03
Ag	395.5	3.05448839e+00	3.83838331e+03
Ag	396.0	3.11761128e+00	3.91770588e+03
Ag	396.5	3.18292123e+00	3.99977678e+03
Ag	397.0	3.25049416e+00	4.08469143e+03
Ag	397.5	3.32040239e+00	4.17254070e+03
Ag	398.0	3.39271459e+00	4.26341090e+03
Ag	398.5	3.46749570e+00	4.35738360e+03
Ag	399.0	3.54480674e+00	4.45453553e+03
Ag	399.5	3.62470468e+00	4.55493823e+03
Ag	400.0	3.70724204e+00	4.65865775e+03
Ag	400.5	3.79246663e+00	4.76575412e+03
Ag	401.0	3.88042096e+00	4.87628079e+03
Ag	401.5	3.97114173e+00	4.99028387e+03
Ag	402.0	4.06465907e+00	5.10780122e+03
Ag	402.5	4.16099574e+00	5.22886146e+03
Ag	403.0	4.26016620e+00	5.35348273e+03
Ag	403.5	4.36217550e+00	5.48167140e+03
Ag	404.0	4.46701810e+00	5.61342050e+03
Ag	404.5	4.57467654e+00	5.74870808e+03
Ag	405.0	4.68511998e+00	5.88749540e+03
Ag	405.5	4.79830260e+00	6.02972488e+03
Ag	406.0	4.91416193e+00	6.17531801e+03
Ag	406.5	5.03261704e+00	6.32417309e+03
Ag	407.0	5.15356662e+00	6.47616281e+03
Ag	407.5	5.27688701e+00	6.63113178e+03
Ag	408.0	5.40243019e+00	6.78889400e+03
Ag	408.5	5.53002173e+00	6.94923026e+03
Ag	409.0	5.65945874e+00	7.11188560e+03
Ag	409.5	5.79050792e+00	7.27656686e+03
Ag	410.0	5.92290369e+00	7.44294029e+03
Ag	410.5	6.05634650e+00	7.61062947e+03
Ag	411.0	6.19050138e+00	7.77921346e+03
Ag	411.5	6.32499683e+00	7.94822543e+03
Ag	412.0	6.45942407e+00	8.11715168e+03
Ag	412.5	6.59333680e+00	8.28543139e+03
Ag	413.0	6.72625155e+00	8.45245698e+03
Ag	413.5	6.85764864e+00	8.61757543e+03
Ag	414.0	6.98697398e+00	8.78009045e+03
Ag	414.5	7.11364165e+00	8.93926574e+03
Ag	415.0	7.23703737e+00	9.09432938e+03
Ag	415.5	7.35652294e+00	9.24447937e+03
Ag	416.0	7.47144163e+00	9.38889045e+03
Ag	416.5	7.58112457e+00	9.52672210e+03
Ag	417.0	7.68489798e+00	9.65712762e+03
Ag	417.5	7.78209134e+00	9.77926439e+03
Ag	418.0	7.87204615e+00	9.89230494e+03
Ag	418.5	7.95412537e+00	9.99544874e+03
Ag	419.0	8.02772313e+00	1.00879344e+04
Ag	419.5	8.09227452e+00	1.01690521e+04
Ag	420.0	8.14726532e+00	1.02381555e+04
Ag	420.5	8.19224120e+00	1.02946739e+04
Ag	421.0	8.22681623e+00	1.03381222e+04
Ag	421.5	8.25068034e+00	1.03681107e+04
Ag	422.0	8.26360549e+00	1.03843529e+04
Ag	422.5	8.26545043e+00	1.03866713e+04
Ag	423.0	8.25616363e+00	1.03750012e+04
Ag	423.5	8.23578456e+00	1.03493921e+04
Ag	424.0	8.20444303e+00	1.03100072e+04
Ag	424.5	8.16235670e+00	1.02571199e+04
Ag	425.0	8.10982696e+00	1.01911091e+04
Ag	425.5	8.04723309e+00	1.01124513e+04
Ag	426.0	7.97502515e+00	1.00217122e+04
Ag	426.5	7.89371564e+00	9.91953563e+03
Ag	427.0	7.80387042e+00	9.80663280e+03
Ag	427.5	7.70609898e+00	9.68376958e+03
Ag	428.0	7.60104447e+00	9.55175419e+03
Ag	428.5	7.48937379e+00	9.41142467e+03
Ag	429.0	7.37176787e+00	9.26363672e+03
Ag	429.5	7.24891253e+00	9.10925213e+03
Ag	430.0	7.12148989e+00	8.94912813e+03
Ag	430.5	6.99017079e+00	8.78410768e+03
Ag	431.0	6.85560791e+00	8.61501098e+03
Ag	431.5	6.71843002e+00	8.44262816e+03
Ag	432.0	6.57923716e+00	8.26771326e+03
Ag	432.5	6.43859684e+00	8.09097941e+03
Ag	433.0	6.29704110e+00	7.91309523e+03
Ag	433.5	6.15506458e+00	7.73468227e+03
Ag	434.0	6.01312329e+00	7.55631358e+03
Ag	434.5	5.87163413e+00	7.37851306e+03
Ag	435.0	5.73097505e+00	7.20175564e+03
Ag	435.5	5.59148573e+00	7.02646819e+03
Ag	436.0	5.45346870e+00	6.85303088e+03
Ag	436.5	5.31719081e+00	6.68177903e+03
Ag	437.0	5.18288496e+00	6.51300533e+03
Ag	437.5	5.05075206e+00	6.34696223e+03
Ag	438.0	4.92096307e+00	6.18386458e+03
Ag	438.5	4.79366118e+00	6.02389230e+03
Ag	439.0	4.66896395e+00	5.86719314e+03
Ag	439.5	4.54696550e+00	5.71388537e+03
Ag	440.0	4.42773861e+00	5.56406044e+03
Ag	440.5	4.31133678e+00	5.41778558e+03
Ag	441.0	4.19779618e+00	5.27510626e+03
Ag	441.5	4.08713752e+00	5.13604848e+03
Ag	442.0	3.97936778e+00	5.00062104e+03
Ag	442.5	3.87448188e+00	4.86881752e+03
Ag	443.0	3.77246412e+00	4.74061823e+03
Ag	443.5	3.67328966e+00	4.61599192e+03
Ag	444.0	3.57692569e+00	4.49489739e+03
Ag	444.5	3.48333270e+00	4.37728496e+03
Ag	445.0	3.39246543e+00	4.26309779e+03
Ag	445.5	3.30427389e+00	4.15227303e+03
Ag	446.0	3.21870417e+00	4.04474295e+03
Ag	446.5	3.13569923e+00	3.94043586e+03
Ag	447.0	3.05519953e+00	3.83927696e+03
Ag	447.5	2.97714369e+00	3.74118910e+03
Ag	448.0	2.90146896e+00	3.64609343e+03
Ag	448.5	2.82811173e+00	3.55391002e+03
Ag	449.0	2.75700790e+00	3.46455831e+03
Ag	449.5	2.68809325e+00	3.37795761e+03
Ag	450.0	2.62130374e+00	3.29402743e+03
Ag	450.5	2.55657575e+00	3.21268784e+03
Ag	451.0	2.49384634e+00	3.13385974e+03
Ag	451.5	2.43305341e+00	3.05746509e+03
Ag	452.0	2.37413585e+00	2.98342710e+03
Ag	452.5	2.31703369e+00	2.91167041e+03
Ag	453.0	2.26168820e+00	2.84212121e+03
Ag	453.5	2.20804197e+00	2.77470737e+03
Ag	454.0	2.15603896e+00	2.70935846e+03
Ag	454.5	2.10562458e+00	2.64600589e+03
Ag	455.0	2.05674572e+00	2.58458290e+03
Ag	455.5	2.00935075e+00	2.52502462e+03
Ag	456.0	1.96338953e+00	2.46726805e+03
Ag	456.5	1.91881347e+00	2.41125212e+03
Ag	457.0	1.87557546e+00	2.35691763e+03
Ag	457.5	1.83362988e+00	2.30420726e+03
Ag	458.0	1.79293260e+00	2.25306555e+03
Ag	458.5	1.75344095e+00	2.20343888e+03
Ag	459.0	1.71511368e+00	2.15527541e+03
Ag	459.5	1.67791095e+00	2.10852509e+03
Ag	460.0	1.64179430e+00	2.06313956e+03
Ag	460.5	1.60672659e+00	2.01907219e+03
Ag	461.0	1.57267202e+00	1.97627794e+03
Ag	461.5	1.53959602e+00	1.93471342e+03
Ag	462.0	1.50746529e+00	1.89433675e+03
Ag	462.5	1.47624771e+00	1.85510758e+03
Ag	463.0	1.44591231e+00	1.81698700e+03
Ag	463.5	1.41642928e+00	1.77993753e+03
Ag	464.0	1.38776986e+00	1.74392304e+03
Ag	464.5	1.35990637e+00	1.70890874e+03
Ag	465.0	1.33281212e+00	1.67486111e+03
Ag	465.5	1.30646142e+00	1.64174784e+03
Ag	466.0	1.28082952e+00	1.60953784e+03
Ag	466.5	1.25589257e+00	1.57820115e+03
Ag	467.0	1.23162761e+00	1.54770891e+03
Ag	467.5	1.20801254e+00	1.51803332e+03
Ag	468.0	1.18502603e+00	1.48914763e+03
Ag	468.5	1.16264759e+00	1.46102605e+03
Ag	469.0	1.14085744e+00	1.43364375e+03
Ag	469.5	1.11963656e+00	1.40697680e+03
Ag	470.0	1.09896660e+00	1.38100216e+03
Ag	470.5	1.07882989e+00	1.35569763e+03
Ag	471.0	1.05920943e+00	1.33104182e+03
Ag	471.5	1.04008880e+00	1.30701414e+03
Ag	472.0	1.02145222e+00	1.28359471e+03
Ag	472.5	1.00328444e+00	1.26076441e+03
Ag	473.0	9.85570798e-01	1.23850479e+03
Ag	473.5	9.68297144e-01	1.21679808e+03
Ag	474.0	9.51449842e-01	1.19562713e+03
Ag	474.5	9.35015745e-01	1.17497544e+03
Ag	475.0	9.18982174e-01	1.15482706e+03
Ag	475.5	9.03336907e-01	1.13516664e+03
Ag	476.0	8.88068152e-01	1.11597935e+03
Ag	476.5	8.73164536e-01	1.09725092e+03
Ag	477.0	8.58615088e-01	1.07896754e+03
Ag	477.5	8.44409222e-01	1.06111592e+03
Ag	478.0	8.30536723e-01	1.04368323e+03
Ag	478.5	8.16987731e-01	1.02665706e+03
Ag	479.0	8.03752731e-01	1.01002547e+03
Ag	479.5	7.90822534e-01	9.93776906e+02
Ag	480.0	7.78188271e-01	9.77900222e+02
Ag	480.5	7.65841375e-01	9.62384655e+02
Ag	481.0	7.53773571e-01	9.47219806e+02
Ag	481.5	7.41976869e-01	9.32395632e+02
Ag	482.0	7.30443546e-01	9.17902431e+02
Ag	482.5	7.19166142e-01	9.03730827e+02
Ag	483.0	7.08137445e-01	8.89871758e+02
Ag	483.5	6.97350487e-01	8.76316466e+02
Ag	484.0	6.86798529e-01	8.63056485e+02
Ag	484.5	6.76475058e-01	8.50083629e+02
Ag	485.0	6.66373773e-01	8.37389980e+02
Ag	485.5	6.56488582e-01	8.24967883e+02
Ag	486.0	6.46813592e-01	8.12809931e+02
Ag	486.5	6.37343099e-01	8.00908959e+02
Ag	487.0	6.28071587e-01	7.89258034e+02
Ag	487.5	6.18993717e-01	7.77850445e+02
Ag	488.0	6.10104319e-01	7.66679698e+02
Ag	488.5	6.01398390e-01	7.55739506e+02
Ag	489.0	5.92871087e-01	7.45023780e+02
Ag	489.5	5.84517717e-01	7.34526626e+02
Ag	490.0	5.76333737e-01	7.24242333e+02
Ag	490.5	5.68314746e-01	7.14165372e+02
Ag	491.0	5.60456480e-01	7.04290384e+02
Ag	491.5	5.52754807e-01	6.94612176e+02
Ag	492.0	5.45205723e-01	6.85125718e+02
Ag	492.5	5.37805347e-01	6.75826131e+02
Ag	493.0	5.30549917e-01	6.66708688e+02
Ag	493.5	5.23435784e-01	6.57768806e+02
Ag	494.0	5.16459412e-01	6.49002038e+02
Ag	494.5	5.09617371e-01	6.40404075e+02
Ag	495.0	5.02906331e-01	6.31970734e+02
Ag	495.5	4.96323065e-01	6.23697958e+02
Ag	496.0	4.89864441e-01	6.15581812e+02
Ag	496.5	4.83527420e-01	6.07618476e+02
Ag	497.0	4.77309050e-01	5.99804242e+02
Ag	497.5	4.71206468e-01	5.92135511e+02
Ag	498.0	4.65216894e-01	5.84608791e+02
Ag	498.5	4.59337629e-01	5.77220689e+02
Ag	499.0	4.53566052e-01	5.69967910e+02
Ag	499.5	4.47899615e-01	5.62847256e+02
Ag	500.0	4.42335846e-01	5.55855617e+02
Ag	500.5	4.36872342e-01	5.48989976e+02
Ag	501.0	4.31506768e-01	5.42247397e+02
Ag	501.5	4.26236855e-01	5.35625029e+02
Ag	502.0	4.21060399e-01	5.29120103e+02
Ag	502.5	4.15975256e-01	5.22729924e+02
Ag	503.0	4.10979342e-01	5.16451873e+02
Ag	503.5	4.06070631e-01	5.10283404e+02
Ag	504.0	4.01247152e-01	5.04222042e+02
Ag	504.5	3.96506990e-01	4.98265379e+02
Ag	505.0	3.91848280e-01	4.92411071e+02
Ag	505.5	3.87269210e-01	4.86656841e+02
Ag	506.0	3.82768014e-01	4.81000472e+02
Ag	506.5	3.78342977e-01	4.75439806e+02
Ag	507.0	3.73992427e-01	4.69972744e+02
Ag	507.5	3.69714739e-01	4.64597243e+02
Ag	508.0	3.65508329e-01	4.59311313e+02
Ag	508.5	3.61371657e-01	4.54113018e+02
Ag	509.0	3.57303223e-01	4.49000472e+02
Ag	509.5	3.53301564e-01	4.43971839e+02
Ag	510.0	3.49365257e-01	4.39025330e+02
Ag	510.5	3.45492918e-01	4.34159205e+02
Ag	511.0	3.41683195e-01	4.29371766e+02
Ag	511.5	3.37934773e-01	4.24661360e+02
Ag	512.0	3.34246369e-01	4.20026375e+02
Ag	512.5	3.30616736e-01	4.15465243e+02
Ag	513.0	3.27044655e-01	4.10976434e+02
Ag	513.5	3.23528939e-01	4.06558455e+02
Ag	514.0	3.20068432e-01	4.02209854e+02
Ag	514.5	3.16662007e-01	3.97929213e+02
Ag	515.0	3.13308562e-01	3.93715151e+02
Ag	515.5	3.10007026e-01	3.89566318e+02
Ag	516.0	3.06756353e-01	3.85481402e+02
Ag	516.5	3.03555523e-01	3.81459120e+02
Ag	517.0	3.00403540e-01	3.77498222e+02
Ag	517.5	2.97299434e-01	3.73597488e+02
Ag	518.0	2.94242258e-01	3.69755726e+02
Ag	518.5	2.91231086e-01	3.65971776e+02
Ag	519.0	2.88265017e-01	3.62244504e+02
Ag	519.5	2.85343171e-01	3.58572804e+02
Ag	520.0	2.82464688e-01	3.54955595e+02
Ag	520.5	2.79628728e-01	3.51391823e+02
Ag	521.0	2.76834473e-01	3.47880459e+02
Ag	521.5	2.74081124e-01	3.44420498e+02
Ag	522.0	2.71367898e-01	3.41010957e+02
Ag	522.5	2.68694033e-01	3.37650879e+02
Ag	523.0	2.66058784e-01	3.34339328e+02
Ag	523.5	2.63461423e-01	3.31075388e+02
Ag	524.0	2.60901239e-01	3.27858166e+02
Ag	524.5	2.58377538e-01	3.24686790e+02
Ag	525.0	2.55889641e-01	3.21560406e+02
Ag	525.5	2.53436884e-01	3.18478181e+02
Ag	526.0	2.51018620e-01	3.15439301e+02
Ag	526.5	2.48634214e-01	3.12442969e+02
Ag	527.0	2.46283049e-01	3.09488406e+02
Ag	527.5	2.43964517e-01	3.06574853e+02
Ag	528.0	2.41678027e-01	3.03701566e+02
Ag	528.5	2.39423002e-01	3.00867817e+02
Ag	529.0	2.37198873e-01	2.98072895e+02
Ag	529.5	2.35005090e-01	2.95316105e+02
Ag	530.0	2.32841109e-01	2.92596767e+02
Ag	530.5	2.30706402e-01	2.89914215e+02
Ag	531.0	2.28600451e-01	2.87267799e+02
Ag	531.5	2.26522749e-01	2.84656882e+02
Ag	532.0	2.24472801e-01	2.82080841e+02
Ag	532.5	2.22450121e-01	2.79539067e+02
Ag	533.0	2.20454236e-01	2.77030963e+02
Ag	533.5	2.18484680e-01	2.74555946e+02
Ag	534.0	2.16540999e-01	2.72113445e+02
Ag	534.5	2.14622749e-01	2.69702900e+02
Ag	535.0	2.12729493e-01	2.67323765e+02
Ag	535.5	2.10860806e-01	2.64975503e+02
Ag	536.0	2.09016270e-01	2.62657591e+02
Ag	536.5	2.07195476e-01	2.60369514e+02
Ag	537.0	2.05398024e-01	2.58110769e+02
Ag	537.5	2.03623523e-01	2.55880865e+02
Ag	538.0	2.01871588e-01	2.53679319e+02
Ag	538.5	2.00141843e-01	2.51505658e+02
Ag	539.0	1.98433921e-01	2.49359420e+02
Ag	539.5	1.96747461e-01	2.47240151e+02
Ag	540.0	1.95082109e-01	2.45147408e+02
Ag	540.5	1.93437519e-01	2.43080755e+02
Ag	541.0	1.91813352e-01	2.41039767e+02
Ag	541.5	1.90209275e-01	2.39024025e+02
Ag	542.0	1.88624964e-01	2.37033120e+02
Ag	542.5	1.87060097e-01	2.35066651e+02
Ag	543.0	1.85514364e-01	2.33124225e+02
Ag	543.5	1.83987456e-01	2.31205456e+02
Ag	544.0	1.82479073e-01	2.29309966e+02
Ag	544.5	1.80988921e-01	2.27437386e+02
Ag	545.0	1.79516711e-01	2.25587352e+02
Ag	545.5	1.78062158e-01	2.23759507e+02
Ag	546.0	1.76624986e-01	2.21953504e+02
Ag	546.5	1.75204922e-01	2.20168999e+02
Ag	547.0	1.73801699e-01	2.18405656e+02
Ag	547.5	1.72415054e-01	2.16663147e+02
Ag	548.0	1.71044732e-01	2.14941149e+02
Ag	548.5	1.69690478e-01	2.13239344e+02
Ag	549.0	1.68352047e-01	2.11557422e+02
Ag	549.5	1.67029196e-01	2.09895078e+02
Ag	550.0	1.65721686e-01	2.08252013e+02
Ag	550.5	1.64429285e-01	2.06627933e+02
Ag	551.0	1.63151762e-01	2.05022551e+02
Ag	551.5	1.61888894e-01	2.03435584e+02
Ag	552.0	1.60640458e-01	2.01866753e+02
Ag	552.5	1.59406240e-01	2.00315789e+02
Ag	553.0	1.58186025e-01	1.98782422e+02
Ag	553.5	1.56979606e-01	1.97266391e+02
Ag	554.0	1.55786778e-01	1.95767438e+02
Ag	554.5	1.54607339e-01	1.94285312e+02
Ag	555.0	1.53441092e-01	1.92819763e+02
Ag	555.5	1.52287843e-01	1.91370548e+02
Ag	556.0	1.51147403e-01	1.89937428e+02
Ag	556.5	1.50019583e-01	1.88520168e+02
Ag	557.0	1.48904201e-01	1.87118537e+02
Ag	557.5	1.47801076e-01	1.85732310e+02
Ag	558.0	1.46710032e-01	1.84361263e+02
Ag	558.5	1.45630894e-01	1.83005178e+02
Ag	559.0	1.44563491e-01	1.81663841e+02
Ag	559.5	1.43507657e-01	1.80337040e+02
Ag	560.0	1.42463226e-01	1.79024569e+02
Ag	560.5	1.41430036e-01	1.77726224e+02
Ag	561.0	1.40407928e-01	1.76441806e+02
Ag	561.5	1.39396746e-01	1.75171117e+02
Ag	562.0	1.38396336e-01	1.73913966e+02
Ag	562.5	1.37406548e-01	1.72670161e+02
Ag	563.0	1.36427234e-01	1.71439518e+02
Ag	563.5	1.35458246e-01	1.70221853e+02
Ag	564.0	1.34499443e-01	1.69016985e+02
Ag	564.5	1.33550684e-01	1.67824739e+02
Ag	565.0	1.32611830e-01	1.66644940e+02
Ag	565.5	1.31682744e-01	1.65477417e+02
Ag	566.0	1.30763294e-01	1.64322002e+02
Ag	566.5	1.29853349e-01	1.63178530e+02
Ag	567.0	1.28952777e-01	1.62046839e+02
Ag	567.5	1.28061454e-01	1.60926769e+02
Ag	568.0	1.27179253e-01	1.59818163e+02
Ag	568.5	1.26306052e-01	1.58720866e+02
Ag	569.0	1.25441730e-01	1.57634728e+02
Ag	569.5	1.24586169e-01	1.56559597e+02
Ag	570.0	1.23739251e-01	1.55495329e+02
Ag	570.5	1.22900861e-01	1.54441777e+02
Ag	571.0	1.22070887e-01	1.53398801e+02
Ag	571.5	1.21249218e-01	1.52366260e+02
Ag	572.0	1.20435743e-01	1.51344018e+02
Ag	572.5	1.19630355e-01	1.50331938e+02
Ag	573.0	1.18832950e-01	1.49329889e+02
Ag	573.5	1.18043421e-01	1.48337738e+02
Ag	574.0	1.17261668e-01	1.47355358e+02
Ag	574.5	1.16487589e-01	1.46382621e+02
Ag	575.0	1.15721084e-01	1.45419403e+02
Ag	575.5	1.14962058e-01	1.44465582e+02
Ag	576.0	1.14210412e-01	1.43521037e+02
Ag	576.5	1.13466054e-01	1.42585648e+02
Ag	577.0	1.12728889e-01	1.41659299e+02
Ag	577.5	1.11998826e-01	1.40741876e+02
Ag	578.0	1.11275776e-01	1.39833264e+02
Ag	578.5	1.10559649e-01	1.38933353e+02
Ag	579.0	1.09850358e-01	1.38042032e+02
Ag	579.5	1.09147818e-01	1.37159193e+02
Ag	580.0	1.08451943e-01	1.36284731e+02
Ag	580.5	1.07762650e-01	1.35418540e+02
Ag	581.0	1.07079858e-01	1.34560518e+02
Ag	581.5	1.06403485e-01	1.33710563e+02
Ag	582.0	1.05733452e-01	1.32868575e+02
Ag	582.5	1.05069681e-01	1.32034455e+02
Ag	583.0	1.04412095e-01	1.31208108e+02
Ag	583.5	1.03760617e-01	1.30389437e+02
Ag	584.0	1.03115173e-01	1.29578348e+02
Ag	584.5	1.02475690e-01	1.28774750e+02
Ag	585.0	1.01842094e-01	1.27978550e+02
Ag	585.5	1.01214315e-01	1.27189659e+02
Ag	586.0	1.00592281e-01	1.26407989e+02
Ag	586.5	9.99759246e-02	1.25633452e+02
Ag	587.0	9.93651763e-02	1.24865963e+02
Ag	587.5	9.87599692e-02	1.24105438e+02
Ag	588.0	9.81602370e-02	1.23351792e+02
Ag	588.5	9.75659144e-02	1.22604944e+02
Ag	589.0	9.69769372e-02	1.21864813e+02
Ag	589.5	9.63932418e-02	1.21131320e+02
Ag	590.0	9.58147660e-02	1.20404386e+02
Ag	590.5	9.52414482e-02	1.19683934e+02
Ag	591.0	9.46732277e-02	1.18969887e+02
Ag	591.5	9.41100449e-02	1.18262170e+02
Ag	592.0	9.35518407e-02	1.17560710e+02
Ag	592.5	9.29985573e-02	1.16865434e+02
Ag	593.0	9.24501374e-02	1.16176269e+02
Ag	593.5	9.19065247e-02	1.15493145e+02
Ag	594.0	9.13676635e-02	1.14815992e+02
Ag	594.5	9.08334992e-02	1.14144742e+02
Ag	595.0	9.03039778e-02	1.13479325e+02
Ag	595.5	8.97790460e-02	1.12819677e+02
Ag	596.0	8.92586514e-02	1.12165729e+02
Ag	596.5	8.87427423e-02	1.11517419e+02
Ag	597.0	8.82312676e-02	1.10874681e+02
Ag	597.5	8.77241772e-02	1.10237452e+02
Ag	598.0	8.72214215e-02	1.09605671e+02
Ag	598.5	8.67229515e-02	1.08979275e+02
Ag	599.0	8.62287192e-02	1.08358204e+02
Ag	599.5	8.57386769e-02	1.07742399e+02
Ag	600.0	8.52527780e-02	1.07131800e+02
Ag_visible	400.0	6.47386536e+00	8.13529914e+03
Ag_visible	400.5	6.56244011e+00	8.24660545e+03
Ag_visible	401.0	6.64872592e+00	8.35503540e+03
Ag_visible	401.5	6.73238264e+00	8.46016154e+03
Ag_visible	402.0	6.81306186e+00	8.56154603e+03
Ag_visible	402.5	6.89040925e+00	8.65874363e+03
Ag_visible	403.0	6.96406725e+00	8.75130500e+03
Ag_visible	403.5	7.03367800e+00	8.83878045e+03
Ag_visible	404.0	7.09888654e+00	8.92072392e+03
Ag_visible	404.5	7.15934428e+00	8.99669736e+03
Ag_visible	405.0	7.21471256e+00	9.06627519e+03
Ag_visible	405.5	7.26466642e+00	9.12904906e+03
Ag_visible	406.0	7.30889837e+00	9.18463257e+03
Ag_visible	406.5	7.34712220e+00	9.23266605e+03
Ag_visible	407.0	7.37907665e+00	9.27282120e+03
Ag_visible	407.5	7.40452895e+00	9.30480551e+03
Ag_visible	408.0	7.42327809e+00	9.32836637e+03
Ag_visible	408.5	7.43515776e+00	9.34329480e+03
Ag_visible	409.0	7.44003889e+00	9.34942861e+03
Ag_visible	409.5	7.43783174e+00	9.34665502e+03
Ag_visible	410.0	7.42848741e+00	9.33491259e+03
Ag_visible	410.5	7.41199882e+00	9.31419242e+03
Ag_visible	411.0	7.38840107e+00	9.28453861e+03
Ag_visible	411.5	7.35777119e+00	9.24604797e+03
Ag_visible	412.0	7.32022725e+00	9.19886886e+03
Ag_visible	412.5	7.27592691e+00	9.14319942e+03
Ag_visible	413.0	7.22506542e+00	9.07928498e+03
Ag_visible	413.5	7.16787304e+00	9.00741491e+03
Ag_visible	414.0	7.10461212e+00	8.92791890e+03
Ag_visible	414.5	7.03557374e+00	8.84116271e+03
Ag_visible	415.0	6.96107404e+00	8.74754363e+03
Ag_visible	415.5	6.88145043e+00	8.64748564e+03
Ag_visible	416.0	6.79705757e+00	8.54143445e+03
Ag_visible	416.5	6.70826340e+00	8.42985241e+03
Ag_visible	417.0	6.61544516e+00	8.31321357e+03
Ag_visible	417.5	6.51898553e+00	8.19199882e+03
Ag_visible	418.0	6.41926892e+00	8.06669123e+03
Ag_visible	418.5	6.31667805e+00	7.93777174e+03
Ag_visible	419.0	6.21159076e+00	7.80571516e+03
Ag_visible	419.5	6.10437711e+00	7.67098652e+03
Ag_visible	420.0	5.99539685e+00	7.53403788e+03
Ag_visible	420.5	5.88499720e+00	7.39530558e+03
Ag_visible	421.0	5.77351096e+00	7.25520785e+03
Ag_visible	421.5	5.66125505e+00	7.11414291e+03
Ag_visible	422.0	5.54852924e+00	6.97248748e+03
Ag_visible	422.5	5.43561531e+00	6.83059566e+03
Ag_visible	423.0	5.32277644e+00	6.68879815e+03
Ag_visible	423.5	5.21025688e+00	6.54740190e+03
Ag_visible	424.0	5.09828187e+00	6.40668994e+03
Ag_visible	424.5	4.98705774e+00	6.26692158e+03
Ag_visible	425.0	4.87677226e+00	6.12833276e+03
Ag_visible	425.5	4.76759504e+00	5.99113662e+03
Ag_visible	426.0	4.65967820e+00	5.85552432e+03
Ag_visible	426.5	4.55315698e+00	5.72166580e+03
Ag_visible	427.0	4.44815057e+00	5.58971087e+03
Ag_visible	427.5	4.34476296e+00	5.45979016e+03
Ag_visible	428.0	4.24308377e+00	5.33201632e+03
Ag_visible	428.5	4.14318919e+00	5.20648509e+03
Ag_visible	429.0	4.04514287e+00	5.08327645e+03
Ag_visible	429.5	3.94899686e+00	4.96245580e+03
Ag_visible	430.0	3.85479247e+00	4.84407509e+03
Ag_visible	430.5	3.76256121e+00	4.72817386e+03
Ag_visible	431.0	3.67232555e+00	4.61478039e+03
Ag_visible	431.5	3.58409982e+00	4.50391266e+03
Ag_visible	432.0	3.49789093e+00	4.39557938e+03
Ag_visible	432.5	3.41369913e+00	4.28978085e+03
Ag_visible	433.0	3.33151873e+00	4.18650991e+03
Ag_visible	433.5	3.25133869e+00	4.08575270e+03
Ag_visible	434.0	3.17314329e+00	3.98748946e+03
Ag_visible	434.5	3.09691265e+00	3.89169522e+03
Ag_visible	435.0	3.02262330e+00	3.79834046e+03
Ag_visible	435.5	2.95024859e+00	3.70739172e+03
Ag_visible	436.0	2.87975922e+00	3.61881217e+03
Ag_visible	436.5	2.81112358e+00	3.53256208e+03
Ag_visible	437.0	2.74430815e+00	3.44859932e+03
Ag_visible	437.5	2.67927779e+00	3.36687977e+03
Ag_visible	438.0	2.61599613e+00	3.28735769e+03
Ag_visible	438.5	2.55442576e+00	3.20998608e+03
Ag_visible	439.0	2.49452849e+00	3.13471695e+03
Ag_visible	439.5	2.43626562e+00	3.06150167e+03
Ag_visible	440.0	2.37959807e+00	2.99029113e+03
Ag_visible	440.5	2.32448662e+00	2.92103603e+03
Ag_visible	441.0	2.27089198e+00	2.85368703e+03
Ag_visible	441.5	2.21877503e+00	2.78819493e+03
Ag_visible	442.0	2.16809683e+00	2.72451083e+03
Ag_visible	442.5	2.11881881e+00	2.66258624e+03
Ag_visible	443.0	2.07090281e+00	2.60237323e+03
Ag_visible	443.5	2.02431119e+00	2.54382447e+03
Ag_visible	444.0	1.97900686e+00	2.48689336e+03
Ag_visible	444.5	1.93495335e+00	2.43153410e+03
Ag_visible	445.0	1.89211489e+00	2.37770169e+03
Ag_visible	445.5	1.85045637e+00	2.32535206e+03
Ag_visible	446.0	1.80994347e+00	2.27444205e+03
Ag_visible	446.5	1.77054259e+00	2.22492944e+03
Ag_visible	447.0	1.73222094e+00	2.17677303e+03
Ag_visible	447.5	1.69494650e+00	2.12993259e+03
Ag_visible	448.0	1.65868806e+00	2.08436889e+03
Ag_visible	448.5	1.62341523e+00	2.04004374e+03
Ag_visible	449.0	1.58909840e+00	1.99691994e+03
Ag_visible	449.5	1.55570878e+00	1.95496131e+03
Ag_visible	450.0	1.52321839e+00	1.91413269e+03
Ag_visible	450.5	1.49160003e+00	1.87439988e+03
Ag_visible	451.0	1.46082728e+00	1.83572970e+03
Ag_visible	451.5	1.43087450e+00	1.79808993e+03
Ag_visible	452.0	1.40171681e+00	1.76144929e+03
Ag_visible	452.5	1.37333006e+00	1.72577746e+03
Ag_visible	453.0	1.34569087e+00	1.69104502e+03
Ag_visible	453.5	1.31877655e+00	1.65722348e+03
Ag_visible	454.0	1.29256510e+00	1.62428521e+03
Ag_visible	454.5	1.26703523e+00	1.59220343e+03
Ag_visible	455.0	1.24216632e+00	1.56095223e+03
Ag_visible	455.5	1.21793838e+00	1.53050650e+03
Ag_visible	456.0	1.19433206e+00	1.50084193e+03
Ag_visible	456.5	1.17132864e+00	1.47193498e+03
Ag_visible	457.0	1.14890998e+00	1.44376287e+03
Ag_visible	457.5	1.12705855e+00	1.41630355e+03
Ag_visible	458.0	1.10575736e+00	1.38953568e+03
Ag_visible	458.5	1.08498997e+00	1.36343861e+03
Ag_visible	459.0	1.06474049e+00	1.33799236e+03
Ag_visible	459.5	1.04499353e+00	1.31317760e+03
Ag_visible	460.0	1.02573421e+00	1.28897563e+03
Ag_visible	460.5	1.00694813e+00	1.26536833e+03
Ag_visible	461.0	9.88621342e-01	1.24233822e+03
Ag_visible	461.5	9.70740381e-01	1.21986834e+03
Ag_visible	462.0	9.53292202e-01	1.19794231e+03
Ag_visible	462.5	9.36264190e-01	1.17654428e+03
Ag_visible	463.0	9.19644137e-01	1.15565891e+03
Ag_visible	463.5	9.03420235e-01	1.13527135e+03
Ag_visible	464.0	8.87581058e-01	1.11536725e+03
Ag_visible	464.5	8.72115551e-01	1.09593272e+03
Ag_visible	465.0	8.57013015e-01	1.07695432e+03
Ag_visible	465.5	8.42263101e-01	1.05841903e+03
Ag_visible	466.0	8.27855791e-01	1.04031427e+03
Ag_visible	466.5	8.13781392e-01	1.02262786e+03
Ag_visible	467.0	8.00030521e-01	1.00534800e+03
Ag_visible	467.5	7.86594099e-01	9.88463297e+02
Ag_visible	468.0	7.73463334e-01	9.71962692e+02
Ag_visible	468.5	7.60629719e-01	9.55835495e+02
Ag_visible	469.0	7.48085016e-01	9.40071356e+02
Ag_visible	469.5	7.35821249e-01	9.24660252e+02
Ag_visible	470.0	7.23830696e-01	9.09592479e+02
Ag_visible	470.5	7.12105879e-01	8.94858639e+02
Ag_visible	471.0	7.00639556e-01	8.80449632e+02
Ag_visible	471.5	6.89424711e-01	8.66356643e+02
Ag_visible	472.0	6.78454552e-01	8.52571135e+02
Ag_visible	472.5	6.67722496e-01	8.39084835e+02
Ag_visible	473.0	6.57222166e-01	8.25889731e+02
Ag_visible	473.5	6.46947383e-01	8.12978058e+02
Ag_visible	474.0	6.36892161e-01	8.00342293e+02
Ag_visible	474.5	6.27050696e-01	7.87975144e+02
Ag_visible	475.0	6.17417365e-01	7.75869543e+02
Ag_visible	475.5	6.07986716e-01	7.64018641e+02
Ag_visible	476.0	5.98753465e-01	7.52415795e+02
Ag_visible	476.5	5.89712486e-01	7.41054566e+02
Ag_visible	477.0	5.80858813e-01	7.29928711e+02
Ag_visible	477.5	5.72187625e-01	7.19032176e+02
Ag_visible	478.0	5.63694250e-01	7.08359086e+02
Ag_visible	478.5	5.55374155e-01	6.97903746e+02
Ag_visible	479.0	5.47222942e-01	6.87660630e+02
Ag_visible	479.5	5.39236345e-01	6.77624376e+02
Ag_visible	480.0	5.31410223e-01	6.67789781e+02
Ag_visible	480.5	5.23740560e-01	6.58151799e+02
Ag_visible	481.0	5.16223456e-01	6.48705527e+02
Ag_visible	481.5	5.08855127e-01	6.39446211e+02
Ag_visible	482.0	5.01631898e-01	6.30369234e+02
Ag_visible	482.5	4.94550201e-01	6.21470112e+02
Ag_visible	483.0	4.87606574e-01	6.12744493e+02
Ag_visible	483.5	4.80797653e-01	6.04188150e+02
Ag_visible	484.0	4.74120170e-01	5.95796978e+02
Ag_visible	484.5	4.67570953e-01	5.87566988e+02
Ag_visible	485.0	4.61146919e-01	5.79494309e+02
Ag_visible	485.5	4.54845072e-01	5.71575175e+02
Ag_visible	486.0	4.48662503e-01	5.63805929e+02
Ag_visible	486.5	4.42596383e-01	5.56183019e+02
Ag_visible	487.0	4.36643965e-01	5.48702989e+02
Ag_visible	487.5	4.30802575e-01	5.41362482e+02
Ag_visible	488.0	4.25069618e-01	5.34158235e+02
Ag_visible	488.5	4.19442567e-01	5.27087075e+02
Ag_visible	489.0	4.13918968e-01	5.20145916e+02
Ag_visible	489.5	4.08496433e-01	5.13331757e+02
Ag_visible	490.0	4.03172640e-01	5.06641681e+02
Ag_visible	490.5	3.97945330e-01	5.00072850e+02
Ag_visible	491.0	3.92812305e-01	4.93622501e+02
Ag_visible	491.5	3.87771428e-01	4.87287948e+02
Ag_visible	492.0	3.82820620e-01	4.81066578e+02
Ag_visible	492.5	3.77957855e-01	4.74955848e+02
Ag_visible	493.0	3.73181163e-01	4.68953281e+02
Ag_visible	493.5	3.68488629e-01	4.63056468e+02
Ag_visible	494.0	3.63878384e-01	4.57263063e+02
Ag_visible	494.5	3.59348612e-01	4.51570784e+02
Ag_visible	495.0	3.54897544e-01	4.45977407e+02
Ag_visible	495.5	3.50523456e-01	4.40480766e+02
Ag_visible	496.0	3.46224672e-01	4.35078754e+02
Ag_visible	496.5	3.41999556e-01	4.29769317e+02
Ag_visible	497.0	3.37846517e-01	4.24550455e+02
Ag_visible	497.5	3.33764005e-01	4.19420219e+02
Ag_visible	498.0	3.29750508e-01	4.14376710e+02
Ag_visible	498.5	3.25804555e-01	4.09418079e+02
Ag_visible	499.0	3.21924711e-01	4.04542523e+02
Ag_visible	499.5	3.18109577e-01	3.99748285e+02
Ag_visible	500.0	3.14357792e-01	3.95033652e+02
Ag_visible	500.5	3.10668026e-01	3.90396956e+02
Ag_visible	501.0	3.07038986e-01	3.85836569e+02
Ag_visible	501.5	3.03469407e-01	3.81350904e+02
Ag_visible	502.0	2.99958059e-01	3.76938414e+02
Ag_visible	502.5	2.96503741e-01	3.72597590e+02
Ag_visible	503.0	2.93105283e-01	3.68326961e+02
Ag_visible	503.5	2.89761541e-01	3.64125092e+02
Ag_visible	504.0	2.86471403e-01	3.59990582e+02
Ag_visible	504.5	2.83233781e-01	3.55922066e+02
Ag_visible	505.0	2.80047614e-01	3.51918210e+02
Ag_visible	505.5	2.76911867e-01	3.47977715e+02
Ag_visible	506.0	2.73825532e-01	3.44099312e+02
Ag_visible	506.5	2.70787622e-01	3.40281761e+02
Ag_visible	507.0	2.67797175e-01	3.36523855e+02
Ag_visible	507.5	2.64853252e-01	3.32824412e+02
Ag_visible	508.0	2.61954937e-01	3.29182282e+02
Ag_visible	508.5	2.59101334e-01	3.25596339e+02
Ag_visible	509.0	2.56291570e-01	3.22065486e+02
Ag_visible	509.5	2.53524792e-01	3.18588649e+02
Ag_visible	510.0	2.50800165e-01	3.15164782e+02
Ag_visible	510.5	2.48116875e-01	3.11792861e+02
Ag_visible	511.0	2.45474129e-01	3.08471888e+02
Ag_visible	511.5	2.42871148e-01	3.05200886e+02
Ag_visible	512.0	2.40307175e-01	3.01978902e+02
Ag_visible	512.5	2.37781467e-01	2.98805004e+02
Ag_visible	513.0	2.35293301e-01	2.95678282e+02
Ag_visible	513.5	2.32841968e-01	2.92597847e+02
Ag_visible	514.0	2.30426777e-01	2.89562827e+02
Ag_visible	514.5	2.28047050e-01	2.86572375e+02
Ag_visible	515.0	2.25702128e-01	2.83625659e+02
Ag_visible	515.5	2.23391365e-01	2.80721868e+02
Ag_visible	516.0	2.21114127e-01	2.77860207e+02
Ag_visible	516.5	2.18869798e-01	2.75039900e+02
Ag_visible	517.0	2.16657774e-01	2.72260188e+02
Ag_visible	517.5	2.14477464e-01	2.69520330e+02
Ag_visible	518.0	2.12328290e-01	2.66819599e+02
Ag_visible	518.5	2.10209688e-01	2.64157285e+02
Ag_visible	519.0	2.08121105e-01	2.61532694e+02
Ag_visible	519.5	2.06062001e-01	2.58945148e+02
Ag_visible	520.0	2.04031846e-01	2.56393980e+02
Ag_visible	520.5	2.02030124e-01	2.53878541e+02
Ag_visible	521.0	2.00056328e-01	2.51398196e+02
Ag_visible	521.5	1.98109962e-01	2.48952321e+02
Ag_visible	522.0	1.96190543e-01	2.46540307e+02
Ag_visible	522.5	1.94297595e-01	2.44161559e+02
Ag_visible	523.0	1.92430654e-01	2.41815492e+02
Ag_visible	523.5	1.90589266e-01	2.39501535e+02
Ag_visible	524.0	1.88772986e-01	2.37219130e+02
Ag_visible	524.5	1.86981378e-01	2.34967729e+02
Ag_visible	525.0	1.85214015e-01	2.32746796e+02
Ag_visible	525.5	1.83470481e-01	2.30555806e+02
Ag_visible	526.0	1.81750366e-01	2.28394246e+02
Ag_visible	526.5	1.80053270e-01	2.26261612e+02
Ag_visible	527.0	1.78378800e-01	2.24157411e+02
Ag_visible	527.5	1.76726573e-01	2.22081162e+02
Ag_visible	528.0	1.75096212e-01	2.20032390e+02
Ag_visible	528.5	1.73487349e-01	2.18010633e+02
Ag_visible	529.0	1.71899623e-01	2.16015437e+02
Ag_visible	529.5	1.70332680e-01	2.14046358e+02
Ag_visible	530.0	1.68786173e-01	2.12102960e+02
Ag_visible	530.5	1.67259763e-01	2.10184816e+02
Ag_visible	531.0	1.65753117e-01	2.08291509e+02
Ag_visible	531.5	1.64265908e-01	2.06422628e+02
Ag_visible	532.0	1.62797819e-01	2.04577772e+02
Ag_visible	532.5	1.61348534e-01	2.02756548e+02
Ag_visible	533.0	1.59917747e-01	2.00958568e+02
Ag_visible	533.5	1.58505158e-01	1.99183456e+02
Ag_visible	534.0	1.57110470e-01	1.97430839e+02
Ag_visible	534.5	1.55733395e-01	1.95700356e+02
Ag_visible	535.0	1.54373649e-01	1.93991648e+02
Ag_visible	535.5	1.53030953e-01	1.92304368e+02
Ag_visible	536.0	1.51705036e-01	1.90638171e+02
Ag_visible	536.5	1.50395630e-01	1.88992722e+02
Ag_visible	537.0	1.49102472e-01	1.87367692e+02
Ag_visible	537.5	1.47825304e-01	1.85762756e+02
Ag_visible	538.0	1.46563876e-01	1.84177599e+02
Ag_visible	538.5	1.45317939e-01	1.82611908e+02
Ag_visible	539.0	1.44087251e-01	1.81065379e+02
Ag_visible	539.5	1.42871572e-01	1.79537713e+02
Ag_visible	540.0	1.41670670e-01	1.78028615e+02
Ag_visible	540.5	1.40484316e-01	1.76537797e+02
Ag_visible	541.0	1.39312283e-01	1.75064978e+02
Ag_visible	541.5	1.38154352e-01	1.73609879e+02
Ag_visible	542.0	1.37010306e-01	1.72172228e+02
Ag_visible	542.5	1.35879931e-01	1.70751758e+02
Ag_visible	543.0	1.34763021e-01	1.69348206e+02
Ag_visible	543.5	1.33659368e-01	1.67961316e+02
Ag_visible	544.0	1.32568773e-01	1.66590834e+02
Ag_visible	544.5	1.31491039e-01	1.65236512e+02
Ag_visible	545.0	1.30425970e-01	1.63898108e+02
Ag_visible	545.5	1.29373378e-01	1.62575381e+02
Ag_visible	546.0	1.28333074e-01	1.61268098e+02
Ag_visible	546.5	1.27304877e-01	1.59976027e+02
Ag_visible	547.0	1.26288606e-01	1.58698942e+02
Ag_visible	547.5	1.25284083e-01	1.57436622e+02
Ag_visible	548.0	1.24291136e-01	1.56188848e+02
Ag_visible	548.5	1.23309593e-01	1.54955405e+02
Ag_visible	549.0	1.22339288e-01	1.53736083e+02
Ag_visible	549.5	1.21380055e-01	1.52530676e+02
Ag_visible	550.0	1.20431734e-01	1.51338980e+02
Ag_visible	550.5	1.19494165e-01	1.50160796e+02
Ag_visible	551.0	1.18567192e-01	1.48995927e+02
Ag_visible	551.5	1.17650662e-01	1.47844182e+02
Ag_visible	552.0	1.16744425e-01	1.46705371e+02
Ag_visible	552.5	1.15848332e-01	1.45579307e+02
Ag_visible	553.0	1.14962239e-01	1.44465810e+02
Ag_visible	553.5	1.14086002e-01	1.43364698e+02
Ag_visible	554.0	1.13219481e-01	1.42275796e+02
Ag_visible	554.5	1.12362539e-01	1.41198931e+02
Ag_visible	555.0	1.11515039e-01	1.40133931e+02
Ag_visible	555.5	1.10676849e-01	1.39080631e+02
Ag_visible	556.0	1.09847838e-01	1.38038864e+02
Ag_visible	556.5	1.09027876e-01	1.37008470e+02
Ag_visible	557.0	1.08216837e-01	1.35989288e+02
Ag_visible	557.5	1.07414598e-01	1.34981164e+02
Ag_visible	558.0	1.06621035e-01	1.33983944e+02
Ag_visible	558.5	1.05836028e-01	1.32997475e+02
Ag_visible	559.0	1.05059460e-01	1.32021611e+02
Ag_visible	559.5	1.04291213e-01	1.31056204e+02
Ag_visible	560.0	1.03531174e-01	1.30101111e+02
Ag_visible	560.5	1.02779231e-01	1.29156191e+02
Ag_visible	561.0	1.02035272e-01	1.28221304e+02
Ag_visible	561.5	1.01299189e-01	1.27296316e+02
Ag_visible	562.0	1.00570876e-01	1.26381090e+02
Ag_visible	562.5	9.98502265e-02	1.25475495e+02
Ag_visible	563.0	9.91371378e-02	1.24579401e+02
Ag_visible	563.5	9.84315079e-02	1.23692681e+02
Ag_visible	564.0	9.77332370e-02	1.22815208e+02
Ag_visible	564.5	9.70422265e-02	1.21946858e+02
Ag_visible	565.0	9.63583796e-02	1.21087511e+02
Ag_visible	565.5	9.56816010e-02	1.20237046e+02
Ag_visible	566.0	9.50117970e-02	1.19395345e+02
Ag_visible	566.5	9.43488754e-02	1.18562294e+02
Ag_visible	567.0	9.36927454e-02	1.17737776e+02
Ag_visible	567.5	9.30433178e-02	1.16921681e+02
Ag_visible	568.0	9.24005046e-02	1.16113899e+02
Ag_visible	568.5	9.17642195e-02	1.15314319e+02
Ag_visible	569.0	9.11343772e-02	1.14522836e+02
Ag_visible	569.5	9.05108941e-02	1.13739344e+02
Ag_visible	570.0	8.98936876e-02	1.12963739e+02
Ag_visible	570.5	8.92826768e-02	1.12195921e+02
Ag_visible	571.0	8.86777816e-02	1.11435787e+02
Ag_visible	571.5	8.80789235e-02	1.10683240e+02
Ag_visible	572.0	8.74860251e-02	1.09938182e+02
Ag_visible	572.5	8.68990102e-02	1.09200517e+02
Ag_visible	573.0	8.63178038e-02	1.08470151e+02
Ag_visible	573.5	8.57423321e-02	1.07746992e+02
Ag_visible	574.0	8.51725223e-02	1.07030948e+02
Ag_visible	574.5	8.46083029e-02	1.06321929e+02
Ag_visible	575.0	8.40496033e-02	1.05619847e+02
Ag_visible	575.5	8.34963542e-02	1.04924613e+02
Ag_visible	576.0	8.29484872e-02	1.04236143e+02
Ag_visible	576.5	8.24059351e-02	1.03554352e+02
Ag_visible	577.0	8.18686314e-02	1.02879156e+02
Ag_visible	577.5	8.13365110e-02	1.02210474e+02
Ag_visible	578.0	8.08095095e-02	1.01548225e+02
Ag_visible	578.5	8.02875636e-02	1.00892328e+02
Ag_visible	579.0	7.97706109e-02	1.00242706e+02
Ag_visible	579.5	7.92585900e-02	9.95992816e+01
Ag_visible	580.0	7.87514404e-02	9.89619786e+01
Ag_visible	580.5	7.82491023e-02	9.83307220e+01
Ag_visible	581.0	7.77515172e-02	9.77054381e+01
Ag_visible	581.5	7.72586271e-02	9.70860541e+01
Ag_visible	582.0	7.67703750e-02	9.64724984e+01
Ag_visible	582.5	7.62867047e-02	9.58647004e+01
Ag_visible	583.0	7.58075609e-02	9.52625905e+01
Ag_visible	583.5	7.53328890e-02	9.46661003e+01
Ag_visible	584.0	7.48626354e-02	9.40751622e+01
Ag_visible	584.5	7.43967470e-02	9.34897096e+01
Ag_visible	585.0	7.39351717e-02	9.29096770e+01
Ag_visible	585.5	7.34778581e-02	9.23349997e+01
Ag_visible	586.0	7.30247555e-02	9.17656141e+01
Ag_visible	586.5	7.25758139e-02	9.12014575e+01
Ag_visible	587.0	7.21309841e-02	9.06424678e+01
Ag_visible	587.5	7.16902175e-02	9.00885843e+01
Ag_visible	588.0	7.12534665e-02	8.95397467e+01
Ag_visible	588.5	7.08206837e-02	8.89958959e+01
Ag_visible	589.0	7.03918228e-02	8.84569734e+01
Ag_visible	589.5	6.99668380e-02	8.79229217e+01
Ag_visible	590.0	6.95456840e-02	8.73936840e+01
Ag_visible	590.5	6.91283165e-02	8.68692045e+01
Ag_visible	591.0	6.87146914e-02	8.63494278e+01
Ag_visible	591.5	6.83047655e-02	8.58342997e+01
Ag_visible	592.0	6.78984961e-02	8.53237666e+01
Ag_visible	592.5	6.74958412e-02	8.48177756e+01
Ag_visible	593.0	6.70967594e-02	8.43162745e+01
Ag_visible	593.5	6.67012096e-02	8.38192121e+01
Ag_visible	594.0	6.63091516e-02	8.33265375e+01
Ag_visible	594.5	6.59205457e-02	8.28382008e+01
Ag_visible	595.0	6.55353525e-02	8.23541527e+01
Ag_visible	595.5	6.51535334e-02	8.18743447e+01
Ag_visible	596.0	6.47750503e-02	8.13987288e+01
Ag_visible	596.5	6.43998655e-02	8.09272577e+01
Ag_visible	597.0	6.40279419e-02	8.04598848e+01
Ag_visible	597.5	6.36592430e-02	7.99965641e+01
Ag_visible	598.0	6.32937327e-02	7.95372502e+01
Ag_visible	598.5	6.29313752e-02	7.90818984e+01
Ag_visible	599.0	6.25721356e-02	7.86304646e+01
Ag_visible	599.5	6.22159791e-02	7.81829052e+01
Ag_visible	600.0	6.18628716e-02	7.77391772e+01
