# uniform Lorentzian, HWHM 0.15 eV, area of each line = oscillator strength
energy_eV	wavelength_nm	intensity
1.500000	826.5613	1.18785496e-02
1.502251	825.3227	1.19037449e-02
1.504502	824.0878	1.19290365e-02
1.506753	822.8566	1.19544249e-02
1.509005	821.6290	1.19799106e-02
1.511256	820.4052	1.20054943e-02
1.513507	819.1849	1.20311765e-02
1.515758	817.9683	1.20569577e-02
1.518009	816.7553	1.20828386e-02
1.520260	815.5459	1.21088195e-02
1.522511	814.3401	1.21349012e-02
1.524762	813.1378	1.21610842e-02
1.527014	811.9391	1.21873691e-02
1.529265	810.7439	1.22137564e-02
1.531516	809.5522	1.22402468e-02
1.533767	808.3640	1.22668408e-02
1.536018	807.1793	1.22935390e-02
1.538269	805.9981	1.23203420e-02
1.540520	804.8203	1.23472505e-02
1.542771	803.6459	1.23742650e-02
1.545023	802.4750	1.24013861e-02
1.547274	801.3075	1.24286145e-02
1.549525	800.1433	1.24559508e-02
1.551776	798.9826	1.24833955e-02
1.554027	797.8252	1.25109494e-02
1.556278	796.6712	1.25386131e-02
1.558529	795.5205	1.25663872e-02
1.560780	794.3731	1.25942724e-02
1.563032	793.2290	1.26222692e-02
1.565283	792.0882	1.26503784e-02
1.567534	790.9507	1.26786007e-02
1.569785	789.8164	1.27069366e-02
1.572036	788.6854	1.27353868e-02
1.574287	787.5577	1.27639521e-02
1.576538	786.4331	1.27926331e-02
1.578789	785.3118	1.28214305e-02
1.581041	784.1936	1.28503450e-02
1.583292	783.0787	1.28793772e-02
1.585543	781.9669	1.29085280e-02
1.587794	780.8582	1.29377979e-02
1.590045	779.7527	1.29671877e-02
1.592296	778.6503	1.29966981e-02
1.594547	777.5511	1.30263299e-02
1.596798	776.4549	1.30560837e-02
1.599050	775.3618	1.30859603e-02
1.601301	774.2718	1.31159605e-02
1.603552	773.1848	1.31460850e-02
1.605803	772.1009	1.31763345e-02
1.608054	771.0201	1.32067098e-02
1.610305	769.9422	1.32372116e-02
1.612556	768.8674	1.32678408e-02
1.614807	767.7955	1.32985981e-02
1.617059	766.7267	1.33294842e-02
1.619310	765.6608	1.33605000e-02
1.621561	764.5979	1.33916463e-02
1.623812	763.5379	1.34229239e-02
1.626063	762.4809	1.34543336e-02
1.628314	761.4267	1.34858761e-02
1.630565	760.3755	1.35175523e-02
1.632816	759.3272	1.35493631e-02
1.635068	758.2818	1.35813092e-02
1.637319	757.2392	1.36133916e-02
1.639570	756.1995	1.36456109e-02
1.641821	755.1627	1.36779682e-02
1.644072	754.1287	1.37104643e-02
1.646323	753.0975	1.37431000e-02
1.648574	752.0692	1.37758762e-02
1.650825	751.0436	1.38087937e-02
1.653077	750.0209	1.38418536e-02
1.655328	749.0009	1.38750566e-02
1.657579	747.9837	1.39084037e-02
1.659830	746.9693	1.39418957e-02
1.662081	745.9576	1.39755337e-02
1.664332	744.9486	1.40093185e-02
1.666583	743.9424	1.40432510e-02
1.668834	742.9389	1.40773322e-02
1.671086	741.9380	1.41115631e-02
1.673337	740.9399	1.41459446e-02
1.675588	739.9445	1.41804776e-02
1.677839	738.9517	1.42151631e-02
1.680090	737.9616	1.42500022e-02
1.682341	736.9741	1.42849958e-02
1.684592	735.9893	1.43201448e-02
1.686843	735.0071	1.43554504e-02
1.689095	734.0275	1.43909135e-02
1.691346	733.0506	1.44265351e-02
1.693597	732.0762	1.44623162e-02
1.695848	731.1044	1.44982580e-02
1.698099	730.1352	1.45343614e-02
1.700350	729.1686	1.45706275e-02
1.702601	728.2045	1.46070574e-02
1.704852	727.2430	1.46436521e-02
1.707104	726.2840	1.46804127e-02
1.709355	725.3275	1.47173404e-02
1.711606	724.3735	1.47544362e-02
1.713857	723.4221	1.47917011e-02
1.716108	722.4731	1.48291365e-02
1.718359	721.5266	1.48667433e-02
1.720610	720.5826	1.49045227e-02
1.722861	719.6411	1.49424758e-02
1.725113	718.7020	1.49806039e-02
1.727364	717.7654	1.50189081e-02
1.729615	716.8312	1.50573896e-02
1.731866	715.8995	1.50960494e-02
1.734117	714.9701	1.51348890e-02
1.736368	714.0432	1.51739094e-02
1.738619	713.1187	1.52131119e-02
1.740870	712.1966	1.52524977e-02
1.743122	711.2768	1.52920681e-02
1.745373	710.3594	1.53318242e-02
1.747624	709.4444	1.53717675e-02
1.749875	708.5317	1.54118990e-02
1.752126	707.6214	1.54522202e-02
1.754377	706.7134	1.54927324e-02
1.756628	705.8078	1.55334367e-02
1.758879	704.9044	1.55743346e-02
1.761131	704.0034	1.56154274e-02
1.763382	703.1047	1.56567164e-02
1.765633	702.2082	1.56982030e-02
1.767884	701.3141	1.57398885e-02
1.770135	700.4222	1.57817744e-02
1.772386	699.5326	1.58238619e-02
1.774637	698.6452	1.58661526e-02
1.776888	697.7601	1.59086478e-02
1.779140	696.8773	1.59513490e-02
1.781391	695.9966	1.59942576e-02
1.783642	695.1182	1.60373751e-02
1.785893	694.2420	1.60807028e-02
1.788144	693.3680	1.61242424e-02
1.790395	692.4962	1.61679953e-02
1.792646	691.6266	1.62119630e-02
1.794897	690.7592	1.62561470e-02
1.797149	689.8940	1.63005488e-02
1.799400	689.0309	1.63451701e-02
1.801651	688.1699	1.63900124e-02
1.803902	687.3112	1.64350772e-02
1.806153	686.4545	1.64803662e-02
1.808404	685.6000	1.65258809e-02
1.810655	684.7476	1.65716230e-02
1.812906	683.8974	1.66175941e-02
1.815158	683.0492	1.66637959e-02
1.817409	682.2031	1.67102300e-02
1.819660	681.3592	1.67568981e-02
1.821911	680.5173	1.68038020e-02
1.824162	679.6775	1.68509432e-02
1.826413	678.8398	1.68983236e-02
1.828664	678.0041	1.69459449e-02
1.830915	677.1705	1.69938089e-02
1.833167	676.3389	1.70419173e-02
1.835418	675.5094	1.70902719e-02
1.837669	674.6819	1.71388746e-02
1.839920	673.8564	1.71877272e-02
1.842171	673.0330	1.72368315e-02
1.844422	672.2116	1.72861893e-02
1.846673	671.3921	1.73358027e-02
1.848924	670.5747	1.73856734e-02
1.851176	669.7592	1.74358034e-02
1.853427	668.9458	1.74861946e-02
1.855678	668.1343	1.75368490e-02
1.857929	667.3247	1.75877686e-02
1.860180	666.5171	1.76389553e-02
1.862431	665.7115	1.76904111e-02
1.864682	664.9079	1.77421381e-02
1.866933	664.1061	1.77941384e-02
1.869185	663.3063	1.78464140e-02
1.871436	662.5084	1.78989669e-02
1.873687	661.7125	1.79517994e-02
1.875938	660.9184	1.80049135e-02
1.878189	660.1263	1.80583114e-02
1.880440	659.3360	1.81119952e-02
1.882691	658.5476	1.81659672e-02
1.884942	657.7612	1.82202296e-02
1.887194	656.9765	1.82747846e-02
1.889445	656.1938	1.83296345e-02
1.891696	655.4129	1.83847815e-02
1.893947	654.6339	1.84402279e-02
1.896198	653.8568	1.84959761e-02
1.898449	653.0814	1.85520285e-02
1.900700	652.3079	1.86083874e-02
1.902951	651.5363	1.86650551e-02
1.905203	650.7664	1.87220342e-02
1.907454	649.9984	1.87793271e-02
1.909705	649.2322	1.88369362e-02
1.911956	648.4678	1.88948640e-02
1.914207	647.7052	1.89531130e-02
1.916458	646.9444	1.90116859e-02
1.918709	646.1854	1.90705851e-02
1.920960	645.4281	1.91298133e-02
1.923212	644.6727	1.91893731e-02
1.925463	643.9189	1.92492671e-02
1.927714	643.1670	1.93094980e-02
1.929965	642.4168	1.93700685e-02
1.932216	641.6684	1.94309814e-02
1.934467	640.9216	1.94922394e-02
1.936718	640.1767	1.95538453e-02
1.938969	639.4334	1.96158019e-02
1.941221	638.6919	1.96781120e-02
1.943472	637.9521	1.97407786e-02
1.945723	637.2140	1.98038046e-02
1.947974	636.4777	1.98671928e-02
1.950225	635.7430	1.99309462e-02
1.952476	635.0100	1.99950679e-02
1.954727	634.2787	2.00595608e-02
1.956978	633.5491	2.01244281e-02
1.959230	632.8211	2.01896727e-02
1.961481	632.0949	2.02552980e-02
1.963732	631.3703	2.03213069e-02
1.965983	630.6473	2.03877027e-02
1.968234	629.9260	2.04544886e-02
1.970485	629.2064	2.05216678e-02
1.972736	628.4884	2.05892438e-02
1.974987	627.7720	2.06572197e-02
1.977239	627.0573	2.07255990e-02
1.979490	626.3442	2.07943850e-02
1.981741	625.6327	2.08635812e-02
1.983992	624.9228	2.09331911e-02
1.986243	624.2146	2.10032181e-02
1.988494	623.5079	2.10736659e-02
1.990745	622.8029	2.11445379e-02
1.992996	622.0994	2.12158379e-02
1.995248	621.3975	2.12875695e-02
1.997499	620.6972	2.13597364e-02
1.999750	619.9985	2.14323423e-02
2.002001	619.3014	2.15053911e-02
2.004252	618.6058	2.15788865e-02
2.006503	617.9117	2.16528324e-02
2.008754	617.2193	2.17272327e-02
2.011006	616.5284	2.18020915e-02
2.013257	615.8390	2.18774126e-02
2.015508	615.1512	2.19532002e-02
2.017759	614.4649	2.20294582e-02
2.020010	613.7801	2.21061910e-02
2.022261	613.0969	2.21834025e-02
2.024512	612.4151	2.22610971e-02
2.026763	611.7349	2.23392790e-02
2.029015	611.0562	2.24179526e-02
2.031266	610.3790	2.24971221e-02
2.033517	609.7033	2.25767921e-02
2.035768	609.0291	2.26569670e-02
2.038019	608.3564	2.27376513e-02
2.040270	607.6852	2.28188496e-02
2.042521	607.0154	2.29005665e-02
2.044772	606.3472	2.29828067e-02
2.047024	605.6804	2.30655749e-02
2.049275	605.0150	2.31488758e-02
2.051526	604.3511	2.32327144e-02
2.053777	603.6887	2.33170955e-02
2.056028	603.0277	2.34020241e-02
2.058279	602.3682	2.34875051e-02
2.060530	601.7101	2.35735437e-02
2.062781	601.0535	2.36601449e-02
2.065033	600.3983	2.37473139e-02
2.067284	599.7445	2.38350561e-02
2.069535	599.0921	2.39233766e-02
2.071786	598.4411	2.40122808e-02
2.074037	597.7916	2.41017742e-02
2.076288	597.1435	2.41918623e-02
2.078539	596.4968	2.42825505e-02
2.080790	595.8514	2.43738447e-02
2.083042	595.2075	2.44657503e-02
2.085293	594.5650	2.45582732e-02
2.087544	593.9238	2.46514192e-02
2.089795	593.2840	2.47451942e-02
2.092046	592.6456	2.48396042e-02
2.094297	592.0086	2.49346552e-02
2.096548	591.3729	2.50303532e-02
2.098799	590.7387	2.51267046e-02
2.101051	590.1057	2.52237155e-02
2.103302	589.4741	2.53213922e-02
2.105553	588.8439	2.54197412e-02
2.107804	588.2150	2.55187690e-02
2.110055	587.5875	2.56184821e-02
2.112306	586.9613	2.57188872e-02
2.114557	586.3364	2.58199909e-02
2.116808	585.7129	2.59218002e-02
2.119060	585.0907	2.60243218e-02
2.121311	584.4698	2.61275628e-02
2.123562	583.8502	2.62315302e-02
2.125813	583.2319	2.63362312e-02
2.128064	582.6150	2.64416730e-02
2.130315	581.9993	2.65478629e-02
2.132566	581.3849	2.66548084e-02
2.134817	580.7719	2.67625170e-02
2.137069	580.1601	2.68709962e-02
2.139320	579.5496	2.69802538e-02
2.141571	578.9404	2.70902976e-02
2.143822	578.3325	2.72011354e-02
2.146073	577.7259	2.73127753e-02
2.148324	577.1205	2.74252254e-02
2.150575	576.5164	2.75384938e-02
2.152826	575.9136	2.76525889e-02
2.155078	575.3120	2.77675190e-02
2.157329	574.7117	2.78832928e-02
2.159580	574.1126	2.79999187e-02
2.161831	573.5148	2.81174056e-02
2.164082	572.9182	2.82357623e-02
2.166333	572.3228	2.83549977e-02
2.168584	571.7287	2.84751210e-02
2.170835	571.1358	2.85961414e-02
2.173087	570.5442	2.87180681e-02
2.175338	569.9538	2.88409106e-02
2.177589	569.3646	2.89646784e-02
2.179840	568.7766	2.90893813e-02
2.182091	568.1898	2.92150291e-02
2.184342	567.6043	2.93416316e-02
2.186593	567.0199	2.94691991e-02
2.188844	566.4368	2.95977416e-02
2.191096	565.8548	2.97272695e-02
2.193347	565.2740	2.98577934e-02
2.195598	564.6945	2.99893238e-02
2.197849	564.1161	3.01218715e-02
2.200100	563.5389	3.02554474e-02
2.202351	562.9629	3.03900626e-02
2.204602	562.3880	3.05257282e-02
2.206853	561.8144	3.06624556e-02
2.209105	561.2419	3.08002563e-02
2.211356	560.6705	3.09391421e-02
2.213607	560.1003	3.10791246e-02
2.215858	559.5313	3.12202159e-02
2.218109	558.9635	3.13624281e-02
2.220360	558.3968	3.15057736e-02
2.222611	557.8312	3.16502649e-02
2.224862	557.2668	3.17959145e-02
2.227114	556.7035	3.19427353e-02
2.229365	556.1414	3.20907404e-02
2.231616	555.5804	3.22399429e-02
2.233867	555.0205	3.23903561e-02
2.236118	554.4617	3.25419937e-02
2.238369	553.9041	3.26948694e-02
2.240620	553.3476	3.28489971e-02
2.242871	552.7922	3.30043909e-02
2.245123	552.2380	3.31610653e-02
2.247374	551.6848	3.33190347e-02
2.249625	551.1328	3.34783139e-02
2.251876	550.5818	3.36389178e-02
2.254127	550.0320	3.38008616e-02
2.256378	549.4832	3.39641607e-02
2.258629	548.9356	3.41288307e-02
2.260880	548.3890	3.42948874e-02
2.263132	547.8435	3.44623468e-02
2.265383	547.2991	3.46312254e-02
2.267634	546.7558	3.48015395e-02
2.269885	546.2136	3.49733059e-02
2.272136	545.6724	3.51465418e-02
2.274387	545.1323	3.53212642e-02
2.276638	544.5933	3.54974907e-02
2.278889	544.0553	3.56752391e-02
2.281141	543.5184	3.58545274e-02
2.283392	542.9826	3.60353739e-02
2.285643	542.4478	3.62177971e-02
2.287894	541.9141	3.64018159e-02
2.290145	541.3814	3.65874494e-02
2.292396	540.8498	3.67747171e-02
2.294647	540.3192	3.69636385e-02
2.296898	539.7896	3.71542337e-02
2.299150	539.2611	3.73465229e-02
2.301401	538.7336	3.75405268e-02
2.303652	538.2072	3.77362663e-02
2.305903	537.6817	3.79337625e-02
2.308154	537.1574	3.81330371e-02
2.310405	536.6340	3.83341118e-02
2.312656	536.1116	3.85370089e-02
2.314907	535.5903	3.87417510e-02
2.317159	535.0700	3.89483608e-02
2.319410	534.5506	3.91568617e-02
2.321661	534.0323	3.93672773e-02
2.323912	533.5150	3.95796315e-02
2.326163	532.9987	3.97939486e-02
2.328414	532.4834	4.00102534e-02
2.330665	531.9691	4.02285710e-02
2.332916	531.4558	4.04489268e-02
2.335168	530.9434	4.06713468e-02
2.337419	530.4321	4.08958572e-02
2.339670	529.9217	4.11224848e-02
2.341921	529.4124	4.13512567e-02
2.344172	528.9040	4.15822004e-02
2.346423	528.3966	4.18153441e-02
2.348674	527.8901	4.20507161e-02
2.350925	527.3846	4.22883453e-02
2.353177	526.8801	4.25282611e-02
2.355428	526.3766	4.27704933e-02
2.357679	525.8740	4.30150724e-02
2.359930	525.3723	4.32620290e-02
2.362181	524.8717	4.35113945e-02
2.364432	524.3719	4.37632008e-02
2.366683	523.8732	4.40174801e-02
2.368934	523.3754	4.42742654e-02
2.371186	522.8785	4.45335900e-02
2.373437	522.3826	4.47954880e-02
2.375688	521.8876	4.50599937e-02
2.377939	521.3935	4.53271424e-02
2.380190	520.9004	4.55969697e-02
2.382441	520.4082	4.58695119e-02
2.384692	519.9169	4.61448058e-02
2.386943	519.4266	4.64228889e-02
2.389195	518.9372	4.67037994e-02
2.391446	518.4487	4.69875759e-02
2.393697	517.9611	4.72742580e-02
2.395948	517.4745	4.75638856e-02
2.398199	516.9887	4.78564996e-02
2.400450	516.5039	4.81521414e-02
2.402701	516.0200	4.84508531e-02
2.404952	515.5370	4.87526776e-02
2.407204	515.0549	4.90576586e-02
2.409455	514.5737	4.93658403e-02
2.411706	514.0933	4.96772680e-02
2.413957	513.6139	4.99919875e-02
2.416208	513.1354	5.03100456e-02
2.418459	512.6578	5.06314897e-02
2.420710	512.1810	5.09563682e-02
2.422961	511.7052	5.12847304e-02
2.425213	511.2302	5.16166261e-02
2.427464	510.7561	5.19521065e-02
2.429715	510.2829	5.22912233e-02
2.431966	509.8106	5.26340292e-02
2.434217	509.3391	5.29805780e-02
2.436468	508.8685	5.33309244e-02
2.438719	508.3988	5.36851238e-02
2.440970	507.9299	5.40432330e-02
2.443222	507.4619	5.44053095e-02
2.445473	506.9948	5.47714120e-02
2.447724	506.5285	5.51416003e-02
2.449975	506.0631	5.55159352e-02
2.452226	505.5985	5.58944785e-02
2.454477	505.1348	5.62772934e-02
2.456728	504.6720	5.66644439e-02
2.458979	504.2100	5.70559954e-02
2.461231	503.7488	5.74520146e-02
2.463482	503.2885	5.78525691e-02
2.465733	502.8290	5.82577281e-02
2.467984	502.3703	5.86675617e-02
2.470235	501.9125	5.90821418e-02
2.472486	501.4555	5.95015411e-02
2.474737	500.9994	5.99258341e-02
2.476988	500.5441	6.03550963e-02
2.479240	500.0896	6.07894050e-02
2.481491	499.6359	6.12288387e-02
2.483742	499.1831	6.16734774e-02
2.485993	498.7311	6.21234028e-02
2.488244	498.2799	6.25786979e-02
2.490495	497.8295	6.30394475e-02
2.492746	497.3799	6.35057378e-02
2.494997	496.9311	6.39776569e-02
2.497249	496.4832	6.44552943e-02
2.499500	496.0360	6.49387415e-02
2.501751	495.5897	6.54280916e-02
2.504002	495.1441	6.59234394e-02
2.506253	494.6994	6.64248819e-02
2.508504	494.2555	6.69325177e-02
2.510755	493.8123	6.74464473e-02
2.513007	493.3700	6.79667733e-02
2.515258	492.9284	6.84936002e-02
2.517509	492.4876	6.90270347e-02
2.519760	492.0477	6.95671855e-02
2.522011	491.6085	7.01141634e-02
2.524262	491.1700	7.06680814e-02
2.526513	490.7324	7.12290549e-02
2.528764	490.2956	7.17972015e-02
2.531016	489.8595	7.23726411e-02
2.533267	489.4242	7.29554959e-02
2.535518	488.9896	7.35458909e-02
2.537769	488.5559	7.41439532e-02
2.540020	488.1229	7.47498128e-02
2.542271	487.6907	7.53636021e-02
2.544522	487.2592	7.59854563e-02
2.546773	486.8285	7.66155132e-02
2.549025	486.3986	7.72539136e-02
2.551276	485.9694	7.79008010e-02
2.553527	485.5410	7.85563220e-02
2.555778	485.1133	7.92206259e-02
2.558029	484.6864	7.98938655e-02
2.560280	484.2603	8.05761965e-02
2.562531	483.8348	8.12677776e-02
2.564782	483.4102	8.19687712e-02
2.567034	482.9863	8.26793427e-02
2.569285	482.5631	8.33996612e-02
2.571536	482.1407	8.41298993e-02
2.573787	481.7190	8.48702328e-02
2.576038	481.2980	8.56208417e-02
2.578289	480.8778	8.63819095e-02
2.580540	480.4583	8.71536236e-02
2.582791	480.0395	8.79361751e-02
2.585043	479.6215	8.87297596e-02
2.587294	479.2042	8.95345763e-02
2.589545	478.7876	9.03508290e-02
2.591796	478.3717	9.11787256e-02
2.594047	477.9566	9.20184785e-02
2.596298	477.5422	9.28703044e-02
2.598549	477.1285	9.37344250e-02
2.600800	476.7155	9.46110662e-02
2.603052	476.3033	9.55004591e-02
2.605303	475.8917	9.64028396e-02
2.607554	475.4809	9.73184486e-02
2.609805	475.0707	9.82475322e-02
2.612056	474.6613	9.91903417e-02
2.614307	474.2526	1.00147134e-01
2.616558	473.8446	1.01118171e-01
2.618809	473.4373	1.02103721e-01
2.621061	473.0306	1.03104057e-01
2.623312	472.6247	1.04119458e-01
2.625563	472.2195	1.05150211e-01
2.627814	471.8150	1.06196607e-01
2.630065	471.4111	1.07258944e-01
2.632316	471.0080	1.08337525e-01
2.634567	470.6055	1.09432662e-01
2.636818	470.2038	1.10544673e-01
2.639070	469.8027	1.11673881e-01
2.641321	469.4023	1.12820617e-01
2.643572	469.0026	1.13985222e-01
2.645823	468.6035	1.15168039e-01
2.648074	468.2052	1.16369422e-01
2.650325	467.8075	1.17589732e-01
2.652576	467.4105	1.18829337e-01
2.654827	467.0141	1.20088613e-01
2.657079	466.6185	1.21367945e-01
2.659330	466.2235	1.22667725e-01
2.661581	465.8292	1.23988353e-01
2.663832	465.4355	1.25330241e-01
2.666083	465.0425	1.26693804e-01
2.668334	464.6502	1.28079470e-01
2.670585	464.2585	1.29487676e-01
2.672836	463.8675	1.30918865e-01
2.675088	463.4771	1.32373492e-01
2.677339	463.0874	1.33852022e-01
2.679590	462.6984	1.35354926e-01
2.681841	462.3100	1.36882689e-01
2.684092	461.9223	1.38435804e-01
2.686343	461.5352	1.40014773e-01
2.688594	461.1488	1.41620111e-01
2.690845	460.7630	1.43252341e-01
2.693097	460.3778	1.44911997e-01
2.695348	459.9933	1.46599624e-01
2.697599	459.6095	1.48315778e-01
2.699850	459.2262	1.50061026e-01
2.702101	458.8437	1.51835946e-01
2.704352	458.4617	1.53641126e-01
2.706603	458.0804	1.55477167e-01
2.708854	457.6997	1.57344679e-01
2.711106	457.3197	1.59244286e-01
2.713357	456.9403	1.61176622e-01
2.715608	456.5615	1.63142333e-01
2.717859	456.1833	1.65142076e-01
2.720110	455.8058	1.67176519e-01
2.722361	455.4289	1.69246344e-01
2.724612	455.0526	1.71352242e-01
2.726863	454.6769	1.73494917e-01
2.729115	454.3019	1.75675084e-01
2.731366	453.9275	1.77893468e-01
2.733617	453.5537	1.80150807e-01
2.735868	453.1805	1.82447850e-01
2.738119	452.8079	1.84785355e-01
2.740370	452.4359	1.87164093e-01
2.742621	452.0646	1.89584844e-01
2.744872	451.6938	1.92048397e-01
2.747124	451.3237	1.94555553e-01
2.749375	450.9542	1.97107120e-01
2.751626	450.5852	1.99703917e-01
2.753877	450.2169	2.02346770e-01
2.756128	449.8492	2.05036512e-01
2.758379	449.4820	2.07773984e-01
2.760630	449.1155	2.10560033e-01
2.762881	448.7496	2.13395513e-01
2.765133	448.3843	2.16281278e-01
2.767384	448.0195	2.19218192e-01
2.769635	447.6554	2.22207116e-01
2.771886	447.2918	2.25248915e-01
2.774137	446.9289	2.28344455e-01
2.776388	446.5665	2.31494597e-01
2.778639	446.2047	2.34700203e-01
2.780890	445.8435	2.37962129e-01
2.783142	445.4829	2.41281224e-01
2.785393	445.1228	2.44658330e-01
2.787644	444.7634	2.48094278e-01
2.789895	444.4045	2.51589886e-01
2.792146	444.0462	2.55145958e-01
2.794397	443.6885	2.58763280e-01
2.796648	443.3314	2.62442618e-01
2.798899	442.9748	2.66184714e-01
2.801151	442.6188	2.69990284e-01
2.803402	442.2634	2.73860013e-01
2.805653	441.9085	2.77794553e-01
2.807904	441.5543	2.81794519e-01
2.810155	441.2005	2.85860484e-01
2.812406	440.8474	2.89992974e-01
2.814657	440.4948	2.94192466e-01
2.816908	440.1428	2.98459379e-01
2.819160	439.7913	3.02794073e-01
2.821411	439.4404	3.07196841e-01
2.823662	439.0901	3.11667904e-01
2.825913	438.7403	3.16207403e-01
2.828164	438.3911	3.20815397e-01
2.830415	438.0424	3.25491852e-01
2.832666	437.6943	3.30236634e-01
2.834917	437.3467	3.35049505e-01
2.837169	436.9997	3.39930114e-01
2.839420	436.6533	3.44877985e-01
2.841671	436.3074	3.49892516e-01
2.843922	435.9620	3.54972964e-01
2.846173	435.6172	3.60118441e-01
2.848424	435.2729	3.65327900e-01
2.850675	434.9292	3.70600130e-01
2.852926	434.5860	3.75933745e-01
2.855178	434.2434	3.81327174e-01
2.857429	433.9013	3.86778652e-01
2.859680	433.5597	3.92286208e-01
2.861931	433.2187	3.97847659e-01
2.864182	432.8782	4.03460595e-01
2.866433	432.5382	4.09122376e-01
2.868684	432.1988	4.14830114e-01
2.870935	431.8599	4.20580671e-01
2.873187	431.5215	4.26370645e-01
2.875438	431.1837	4.32196366e-01
2.877689	430.8464	4.38053882e-01
2.879940	430.5096	4.43938957e-01
2.882191	430.1734	4.49847060e-01
2.884442	429.8377	4.55773361e-01
2.886693	429.5025	4.61712727e-01
2.888944	429.1678	4.67659716e-01
2.891196	428.8336	4.73608577e-01
2.893447	428.5000	4.79553244e-01
2.895698	428.1669	4.85487342e-01
2.897949	427.8343	4.91404187e-01
2.900200	427.5022	4.97296788e-01
2.902451	427.1706	5.03157854e-01
2.904702	426.8396	5.08979804e-01
2.906953	426.5090	5.14754773e-01
2.909205	426.1790	5.20474628e-01
2.911456	425.8495	5.26130981e-01
2.913707	425.5205	5.31715208e-01
2.915958	425.1920	5.37218467e-01
2.918209	424.8640	5.42631722e-01
2.920460	424.5365	5.47945768e-01
2.922711	424.2095	5.53151258e-01
2.924962	423.8830	5.58238734e-01
2.927214	423.5570	5.63198663e-01
2.929465	423.2316	5.68021467e-01
2.931716	422.9066	5.72697564e-01
2.933967	422.5821	5.77217408e-01
2.936218	422.2581	5.81571530e-01
2.938469	421.9346	5.85750578e-01
2.940720	421.6116	5.89745370e-01
2.942971	421.2891	5.93546930e-01
2.945223	420.9671	5.97146540e-01
2.947474	420.6456	6.00535785e-01
2.949725	420.3246	6.03706598e-01
2.951976	420.0041	6.06651307e-01
2.954227	419.6840	6.09362680e-01
2.956478	419.3645	6.11833965e-01
2.958729	419.0454	6.14058935e-01
2.960980	418.7268	6.16031924e-01
2.963232	418.4087	6.17747863e-01
2.965483	418.0911	6.19202314e-01
2.967734	417.7740	6.20391496e-01
2.969985	417.4573	6.21312311e-01
2.972236	417.1411	6.21962369e-01
2.974487	416.8254	6.22339995e-01
2.976738	416.5102	6.22444248e-01
2.978989	416.1955	6.22274923e-01
2.981241	415.8812	6.21832556e-01
2.983492	415.5674	6.21118417e-01
2.985743	415.2541	6.20134502e-01
2.987994	414.9412	6.18883521e-01
2.990245	414.6289	6.17368880e-01
2.992496	414.3170	6.15594658e-01
2.994747	414.0055	6.13565579e-01
2.996998	413.6945	6.11286983e-01
2.999250	413.3840	6.08764792e-01
3.001501	413.0740	6.06005474e-01
3.003752	412.7644	6.03016001e-01
3.006003	412.4553	5.99803808e-01
3.008254	412.1467	5.96376748e-01
3.010505	411.8385	5.92743052e-01
3.012756	411.5308	5.88911275e-01
3.015008	411.2235	5.84890257e-01
3.017259	410.9167	5.80689074e-01
3.019510	410.6103	5.76316989e-01
3.021761	410.3044	5.71783412e-01
3.024012	409.9990	5.67097853e-01
3.026263	409.6940	5.62269880e-01
3.028514	409.3895	5.57309078e-01
3.030765	409.0854	5.52225011e-01
3.033017	408.7818	5.47027184e-01
3.035268	408.4786	5.41725009e-01
3.037519	408.1759	5.36327774e-01
3.039770	407.8736	5.30844613e-01
3.042021	407.5718	5.25284479e-01
3.044272	407.2704	5.19656120e-01
3.046523	406.9695	5.13968058e-01
3.048774	406.6690	5.08228570e-01
3.051026	406.3689	5.02445672e-01
3.053277	406.0693	4.96627103e-01
3.055528	405.7701	4.90780317e-01
3.057779	405.4714	4.84912473e-01
3.060030	405.1731	4.79030426e-01
3.062281	404.8753	4.73140724e-01
3.064532	404.5779	4.67249604e-01
3.066783	404.2809	4.61362992e-01
3.069035	403.9844	4.55486501e-01
3.071286	403.6883	4.49625437e-01
3.073537	403.3926	4.43784797e-01
3.075788	403.0973	4.37969278e-01
3.078039	402.8025	4.32183279e-01
3.080290	402.5082	4.26430909e-01
3.082541	402.2142	4.20715993e-01
3.084792	401.9207	4.15042083e-01
3.087044	401.6276	4.09412462e-01
3.089295	401.3350	4.03830155e-01
3.091546	401.0427	3.98297940e-01
3.093797	400.7509	3.92818354e-01
3.096048	400.4595	3.87393704e-01
3.098299	400.1686	3.82026079e-01
3.100550	399.8780	3.76717357e-01
3.102801	399.5879	3.71469216e-01
3.105053	399.2982	3.66283144e-01
3.107304	399.0089	3.61160449e-01
3.109555	398.7201	3.56102269e-01
3.111806	398.4316	3.51109577e-01
3.114057	398.1436	3.46183199e-01
3.116308	397.8560	3.41323812e-01
3.118559	397.5688	3.36531964e-01
3.120810	397.2820	3.31808074e-01
3.123062	396.9957	3.27152442e-01
3.125313	396.7097	3.22565259e-01
3.127564	396.4242	3.18046615e-01
3.129815	396.1391	3.13596503e-01
3.132066	395.8543	3.09214827e-01
3.134317	395.5700	3.04901409e-01
3.136568	395.2861	3.00655998e-01
3.138819	395.0026	2.96478270e-01
3.141071	394.7195	2.92367839e-01
3.143322	394.4369	2.88324260e-01
3.145573	394.1546	2.84347035e-01
3.147824	393.8727	2.80435617e-01
3.150075	393.5912	2.76589415e-01
3.152326	393.3102	2.72807797e-01
3.154577	393.0295	2.69090097e-01
3.156828	392.7492	2.65435616e-01
3.159080	392.4694	2.61843628e-01
3.161331	392.1899	2.58313379e-01
3.163582	391.9108	2.54844097e-01
3.165833	391.6321	2.51434986e-01
3.168084	391.3539	2.48085238e-01
3.170335	391.0760	2.44794030e-01
3.172586	390.7985	2.41560525e-01
3.174837	390.5214	2.38383879e-01
3.177089	390.2447	2.35263241e-01
3.179340	389.9684	2.32197753e-01
3.181591	389.6925	2.29186554e-01
3.183842	389.4169	2.26228782e-01
3.186093	389.1418	2.23323571e-01
3.188344	388.8670	2.20470059e-01
3.190595	388.5927	2.17667384e-01
3.192846	388.3187	2.14914688e-01
3.195098	388.0451	2.12211118e-01
3.197349	387.7719	2.09555823e-01
3.199600	387.4991	2.06947959e-01
3.201851	387.2266	2.04386692e-01
3.204102	386.9546	2.01871190e-01
3.206353	386.6829	1.99400632e-01
3.208604	386.4116	1.96974205e-01
3.210855	386.1407	1.94591105e-01
3.213107	385.8702	1.92250537e-01
3.215358	385.6000	1.89951717e-01
3.217609	385.3302	1.87693870e-01
3.219860	385.0608	1.85476231e-01
3.222111	384.7918	1.83298048e-01
3.224362	384.5232	1.81158577e-01
3.226613	384.2549	1.79057088e-01
3.228864	383.9870	1.76992859e-01
3.231116	383.7195	1.74965183e-01
3.233367	383.4523	1.72973361e-01
3.235618	383.1855	1.71016709e-01
3.237869	382.9191	1.69094551e-01
3.240120	382.6531	1.67206224e-01
3.242371	382.3874	1.65351079e-01
3.244622	382.1221	1.63528475e-01
3.246873	381.8572	1.61737783e-01
3.249125	381.5926	1.59978387e-01
3.251376	381.3284	1.58249683e-01
3.253627	381.0646	1.56551074e-01
3.255878	380.8011	1.54881980e-01
3.258129	380.5380	1.53241827e-01
3.260380	380.2753	1.51630056e-01
3.262631	380.0129	1.50046116e-01
3.264882	379.7509	1.48489467e-01
3.267134	379.4892	1.46959583e-01
3.269385	379.2279	1.45455943e-01
3.271636	378.9670	1.43978040e-01
3.273887	378.7064	1.42525378e-01
3.276138	378.4462	1.41097467e-01
3.278389	378.1863	1.39693830e-01
3.280640	377.9268	1.38314000e-01
3.282891	377.6677	1.36957518e-01
3.285143	377.4089	1.35623934e-01
3.287394	377.1504	1.34312810e-01
3.289645	376.8923	1.33023713e-01
3.291896	376.6346	1.31756223e-01
3.294147	376.3772	1.30509926e-01
3.296398	376.1202	1.29284418e-01
3.298649	375.8635	1.28079303e-01
3.300900	375.6072	1.26894193e-01
3.303152	375.3512	1.25728708e-01
3.305403	375.0956	1.24582478e-01
3.307654	374.8403	1.23455137e-01
3.309905	374.5854	1.22346330e-01
3.312156	374.3308	1.21255708e-01
3.314407	374.0765	1.20182931e-01
3.316658	373.8226	1.19127663e-01
3.318909	373.5691	1.18089578e-01
3.321161	373.3159	1.17068355e-01
3.323412	373.0630	1.16063682e-01
3.325663	372.8105	1.15075251e-01
3.327914	372.5583	1.14102762e-01
3.330165	372.3064	1.13145922e-01
3.332416	372.0549	1.12204443e-01
3.334667	371.8038	1.11278042e-01
3.336918	371.5530	1.10366445e-01
3.339170	371.3025	1.09469381e-01
3.341421	371.0523	1.08586587e-01
3.343672	370.8025	1.07717804e-01
3.345923	370.5530	1.06862778e-01
3.348174	370.3039	1.06021262e-01
3.350425	370.0551	1.05193013e-01
3.352676	369.8066	1.04377795e-01
3.354927	369.5585	1.03575374e-01
3.357179	369.3107	1.02785522e-01
3.359430	369.0632	1.02008018e-01
3.361681	368.8161	1.01242642e-01
3.363932	368.5693	1.00489182e-01
3.366183	368.3228	9.97474277e-02
3.368434	368.0766	9.90171749e-02
3.370685	367.8308	9.82982229e-02
3.372936	367.5853	9.75903754e-02
3.375188	367.3402	9.68934402e-02
3.377439	367.0953	9.62072290e-02
3.379690	366.8508	9.55315575e-02
3.381941	366.6066	9.48662451e-02
3.384192	366.3628	9.42111149e-02
3.386443	366.1192	9.35659939e-02
3.388694	365.8760	9.29307123e-02
3.390945	365.6331	9.23051041e-02
3.393197	365.3905	9.16890066e-02
3.395448	365.1483	9.10822603e-02
3.397699	364.9064	9.04847092e-02
3.399950	364.6648	8.98962002e-02
3.402201	364.4235	8.93165836e-02
3.404452	364.1825	8.87457125e-02
3.406703	363.9419	8.81834432e-02
3.408954	363.7015	8.76296347e-02
3.411206	363.4615	8.70841489e-02
3.413457	363.2218	8.65468507e-02
3.415708	362.9824	8.60176075e-02
3.417959	362.7434	8.54962894e-02
3.420210	362.5046	8.49827690e-02
3.422461	362.2662	8.44769217e-02
3.424712	362.0280	8.39786253e-02
3.426963	361.7902	8.34877598e-02
3.429215	361.5527	8.30042079e-02
3.431466	361.3156	8.25278545e-02
3.433717	361.0787	8.20585868e-02
3.435968	360.8421	8.15962942e-02
3.438219	360.6059	8.11408682e-02
3.440470	360.3699	8.06922026e-02
3.442721	360.1343	8.02501933e-02
3.444972	359.8989	7.98147380e-02
3.447224	359.6639	7.93857366e-02
3.449475	359.4292	7.89630910e-02
3.451726	359.1948	7.85467048e-02
3.453977	358.9607	7.81364836e-02
3.456228	358.7269	7.77323349e-02
3.458479	358.4934	7.73341679e-02
3.460730	358.2602	7.69418935e-02
3.462981	358.0273	7.65554245e-02
3.465233	357.7947	7.61746751e-02
3.467484	357.5624	7.57995614e-02
3.469735	357.3305	7.54300011e-02
3.471986	357.0988	7.50659133e-02
3.474237	356.8674	7.47072187e-02
3.476488	356.6363	7.43538396e-02
3.478739	356.4055	7.40056997e-02
3.480990	356.1750	7.36627242e-02
3.483242	355.9449	7.33248397e-02
3.485493	355.7150	7.29919741e-02
3.487744	355.4854	7.26640568e-02
3.489995	355.2561	7.23410184e-02
3.492246	355.0271	7.20227909e-02
3.494497	354.7984	7.17093076e-02
3.496748	354.5700	7.14005029e-02
3.498999	354.3418	7.10963125e-02
3.501251	354.1140	7.07966735e-02
3.503502	353.8865	7.05015237e-02
3.505753	353.6592	7.02108026e-02
3.508004	353.4323	6.99244505e-02
3.510255	353.2056	6.96424088e-02
3.512506	352.9793	6.93646201e-02
3.514757	352.7532	6.90910280e-02
3.517009	352.5274	6.88215773e-02
3.519260	352.3019	6.85562136e-02
3.521511	352.0767	6.82948835e-02
3.523762	351.8518	6.80375347e-02
3.526013	351.6272	6.77841160e-02
3.528264	351.4028	6.75345768e-02
3.530515	351.1787	6.72888676e-02
3.532766	350.9550	6.70469398e-02
3.535018	350.7315	6.68087458e-02
3.537269	350.5083	6.65742386e-02
3.539520	350.2854	6.63433724e-02
3.541771	350.0627	6.61161019e-02
3.544022	349.8404	6.58923828e-02
3.546273	349.6183	6.56721717e-02
3.548524	349.3965	6.54554258e-02
3.550775	349.1750	6.52421032e-02
3.553027	348.9538	6.50321626e-02
3.555278	348.7328	6.48255637e-02
3.557529	348.5121	6.46222667e-02
3.559780	348.2917	6.44222327e-02
3.562031	348.0716	6.42254233e-02
3.564282	347.8518	6.40318011e-02
3.566533	347.6322	6.38413290e-02
3.568784	347.4130	6.36539709e-02
3.571036	347.1940	6.34696912e-02
3.573287	346.9752	6.32884550e-02
3.575538	346.7568	6.31102279e-02
3.577789	346.5386	6.29349763e-02
3.580040	346.3207	6.27626670e-02
3.582291	346.1031	6.25932676e-02
3.584542	345.8857	6.24267463e-02
3.586793	345.6686	6.22630716e-02
3.589045	345.4518	6.21022129e-02
3.591296	345.2353	6.19441398e-02
3.593547	345.0190	6.17888229e-02
3.595798	344.8030	6.16362329e-02
3.598049	344.5873	6.14863412e-02
3.600300	344.3718	6.13391198e-02
3.602551	344.1566	6.11945411e-02
3.604802	343.9417	6.10525779e-02
3.607054	343.7271	6.09132038e-02
3.609305	343.5127	6.07763926e-02
3.611556	343.2986	6.06421186e-02
3.613807	343.0847	6.05103566e-02
3.616058	342.8711	6.03810821e-02
3.618309	342.6578	6.02542705e-02
3.620560	342.4448	6.01298982e-02
3.622811	342.2320	6.00079417e-02
3.625063	342.0195	5.98883781e-02
3.627314	341.8072	5.97711847e-02
3.629565	341.5952	5.96563394e-02
3.631816	341.3835	5.95438204e-02
3.634067	341.1720	5.94336064e-02
3.636318	340.9608	5.93256765e-02
3.638569	340.7498	5.92200100e-02
3.640820	340.5392	5.91165867e-02
3.643072	340.3287	5.90153868e-02
3.645323	340.1186	5.89163908e-02
3.647574	339.9087	5.88195796e-02
3.649825	339.6990	5.87249345e-02
3.652076	339.4896	5.86324370e-02
3.654327	339.2805	5.85420691e-02
3.656578	339.0716	5.84538130e-02
3.658829	338.8630	5.83676513e-02
3.661081	338.6546	5.82835670e-02
3.663332	338.4465	5.82015434e-02
3.665583	338.2387	5.81215639e-02
3.667834	338.0311	5.80436124e-02
3.670085	337.8238	5.79676732e-02
3.672336	337.6167	5.78937308e-02
3.674587	337.4098	5.78217698e-02
3.676838	337.2033	5.77517755e-02
3.679090	336.9969	5.76837332e-02
3.681341	336.7909	5.76176285e-02
3.683592	336.5851	5.75534474e-02
3.685843	336.3795	5.74911760e-02
3.688094	336.1742	5.74308010e-02
3.690345	335.9691	5.73723090e-02
3.692596	335.7643	5.73156871e-02
3.694847	335.5597	5.72609226e-02
3.697099	335.3554	5.72080031e-02
3.699350	335.1513	5.71569162e-02
3.701601	334.9475	5.71076502e-02
3.703852	334.7439	5.70601932e-02
3.706103	334.5406	5.70145339e-02
3.708354	334.3375	5.69706611e-02
3.710605	334.1347	5.69285637e-02
3.712856	333.9321	5.68882312e-02
3.715108	333.7298	5.68496529e-02
3.717359	333.5277	5.68128186e-02
3.719610	333.3258	5.67777182e-02
3.721861	333.1242	5.67443420e-02
3.724112	332.9228	5.67126805e-02
3.726363	332.7217	5.66827241e-02
3.728614	332.5208	5.66544637e-02
3.730865	332.3202	5.66278905e-02
3.733117	332.1198	5.66029956e-02
3.735368	331.9196	5.65797707e-02
3.737619	331.7197	5.65582072e-02
3.739870	331.5201	5.65382973e-02
3.742121	331.3206	5.65200329e-02
3.744372	331.1214	5.65034063e-02
3.746623	330.9225	5.64884101e-02
3.748874	330.7238	5.64750370e-02
3.751126	330.5253	5.64632797e-02
3.753377	330.3271	5.64531315e-02
3.755628	330.1291	5.64445856e-02
3.757879	329.9313	5.64376353e-02
3.760130	329.7338	5.64322745e-02
3.762381	329.5365	5.64284969e-02
3.764632	329.3394	5.64262964e-02
3.766883	329.1426	5.64256674e-02
3.769135	328.9461	5.64266042e-02
3.771386	328.7497	5.64291013e-02
3.773637	328.5536	5.64331534e-02
3.775888	328.3577	5.64387555e-02
3.778139	328.1621	5.64459026e-02
3.780390	327.9667	5.64545900e-02
3.782641	327.7715	5.64648130e-02
3.784892	327.5765	5.64765674e-02
3.787144	327.3818	5.64898487e-02
3.789395	327.1873	5.65046530e-02
3.791646	326.9931	5.65209763e-02
3.793897	326.7991	5.65388149e-02
3.796148	326.6053	5.65581652e-02
3.798399	326.4117	5.65790237e-02
3.800650	326.2184	5.66013872e-02
3.802901	326.0253	5.66252526e-02
3.805153	325.8324	5.66506169e-02
3.807404	325.6397	5.66774773e-02
3.809655	325.4473	5.67058313e-02
3.811906	325.2551	5.67356762e-02
3.814157	325.0632	5.67670099e-02
3.816408	324.8714	5.67998301e-02
3.818659	324.6799	5.68341348e-02
3.820910	324.4886	5.68699221e-02
3.823162	324.2975	5.69071904e-02
3.825413	324.1067	5.69459381e-02
3.827664	323.9161	5.69861637e-02
3.829915	323.7257	5.70278660e-02
3.832166	323.5355	5.70710438e-02
3.834417	323.3456	5.71156963e-02
3.836668	323.1559	5.71618226e-02
3.838919	322.9664	5.72094220e-02
3.841171	322.7771	5.72584941e-02
3.843422	322.5881	5.73090383e-02
3.845673	322.3992	5.73610546e-02
3.847924	322.2106	5.74145427e-02
3.850175	322.0222	5.74695029e-02
3.852426	321.8340	5.75259352e-02
3.854677	321.6461	5.75838401e-02
3.856928	321.4584	5.76432180e-02
3.859180	321.2709	5.77040695e-02
3.861431	321.0836	5.77663956e-02
3.863682	320.8965	5.78301970e-02
3.865933	320.7096	5.78954748e-02
3.868184	320.5230	5.79622304e-02
3.870435	320.3366	5.80304649e-02
3.872686	320.1504	5.81001800e-02
3.874937	319.9644	5.81713773e-02
3.877189	319.7786	5.82440585e-02
3.879440	319.5930	5.83182257e-02
3.881691	319.4077	5.83938808e-02
3.883942	319.2226	5.84710261e-02
3.886193	319.0377	5.85496640e-02
3.888444	318.8530	5.86297970e-02
3.890695	318.6685	5.87114277e-02
3.892946	318.4842	5.87945589e-02
3.895198	318.3001	5.88791936e-02
3.897449	318.1163	5.89653348e-02
3.899700	317.9327	5.90529858e-02
3.901951	317.7492	5.91421500e-02
3.904202	317.5660	5.92328309e-02
3.906453	317.3830	5.93250322e-02
3.908704	317.2002	5.94187576e-02
3.910955	317.0177	5.95140111e-02
3.913207	316.8353	5.96107969e-02
3.915458	316.6531	5.97091193e-02
3.917709	316.4712	5.98089825e-02
3.919960	316.2894	5.99103913e-02
3.922211	316.1079	6.00133502e-02
3.924462	315.9266	6.01178642e-02
3.926713	315.7455	6.02239382e-02
3.928964	315.5646	6.03315775e-02
3.931216	315.3839	6.04407873e-02
3.933467	315.2034	6.05515732e-02
3.935718	315.0231	6.06639406e-02
3.937969	314.8430	6.07778955e-02
3.940220	314.6631	6.08934437e-02
3.942471	314.4834	6.10105914e-02
3.944722	314.3040	6.11293447e-02
3.946973	314.1247	6.12497102e-02
3.949225	313.9457	6.13716943e-02
3.951476	313.7668	6.14953038e-02
3.953727	313.5882	6.16205455e-02
3.955978	313.4097	6.17474266e-02
3.958229	313.2315	6.18759543e-02
3.960480	313.0534	6.20061359e-02
3.962731	312.8756	6.21379790e-02
3.964982	312.6980	6.22714912e-02
3.967234	312.5205	6.24066806e-02
3.969485	312.3433	6.25435550e-02
3.971736	312.1663	6.26821229e-02
3.973987	311.9894	6.28223925e-02
3.976238	311.8128	6.29643724e-02
3.978489	311.6364	6.31080715e-02
3.980740	311.4601	6.32534985e-02
3.982991	311.2841	6.34006626e-02
3.985243	311.1083	6.35495732e-02
3.987494	310.9326	6.37002396e-02
3.989745	310.7572	6.38526715e-02
3.991996	310.5820	6.40068788e-02
3.994247	310.4069	6.41628715e-02
3.996498	310.2321	6.43206597e-02
3.998749	310.0574	6.44802539e-02
4.001001	309.8830	6.46416647e-02
4.003252	309.7087	6.48049029e-02
4.005503	309.5347	6.49699795e-02
4.007754	309.3608	6.51369055e-02
4.010005	309.1871	6.53056925e-02
4.012256	309.0137	6.54763520e-02
4.014507	308.8404	6.56488958e-02
4.016758	308.6673	6.58233359e-02
4.019010	308.4944	6.59996845e-02
4.021261	308.3217	6.61779540e-02
4.023512	308.1492	6.63581570e-02
4.025763	307.9769	6.65403064e-02
4.028014	307.8048	6.67244153e-02
4.030265	307.6328	6.69104969e-02
4.032516	307.4611	6.70985647e-02
4.034767	307.2896	6.72886325e-02
4.037019	307.1182	6.74807142e-02
4.039270	306.9471	6.76748240e-02
4.041521	306.7761	6.78709764e-02
4.043772	306.6053	6.80691860e-02
4.046023	306.4347	6.82694677e-02
4.048274	306.2643	6.84718367e-02
4.050525	306.0941	6.86763083e-02
4.052776	305.9241	6.88828982e-02
4.055028	305.7543	6.90916222e-02
4.057279	305.5846	6.93024966e-02
4.059530	305.4152	6.95155376e-02
4.061781	305.2459	6.97307621e-02
4.064032	305.0768	6.99481868e-02
4.066283	304.9079	7.01678290e-02
4.068534	304.7392	7.03897062e-02
4.070785	304.5707	7.06138361e-02
4.073037	304.4024	7.08402367e-02
4.075288	304.2342	7.10689263e-02
4.077539	304.0663	7.12999235e-02
4.079790	303.8985	7.15332472e-02
4.082041	303.7309	7.17689165e-02
4.084292	303.5635	7.20069510e-02
4.086543	303.3963	7.22473704e-02
4.088794	303.2292	7.24901947e-02
4.091046	303.0624	7.27354444e-02
4.093297	302.8957	7.29831402e-02
4.095548	302.7292	7.32333030e-02
4.097799	302.5629	7.34859543e-02
4.100050	302.3968	7.37411156e-02
4.102301	302.2308	7.39988091e-02
4.104552	302.0651	7.42590570e-02
4.106803	301.8995	7.45218821e-02
4.109055	301.7341	7.47873073e-02
4.111306	301.5689	7.50553561e-02
4.113557	301.4039	7.53260522e-02
4.115808	301.2390	7.55994198e-02
4.118059	301.0743	7.58754832e-02
4.120310	300.9099	7.61542674e-02
4.122561	300.7455	7.64357975e-02
4.124812	300.5814	7.67200993e-02
4.127064	300.4175	7.70071986e-02
4.129315	300.2537	7.72971220e-02
4.131566	300.0901	7.75898962e-02
4.133817	299.9267	7.78855484e-02
4.136068	299.7634	7.81841063e-02
4.138319	299.6004	7.84855979e-02
4.140570	299.4375	7.87900518e-02
4.142821	299.2748	7.90974968e-02
4.145073	299.1122	7.94079623e-02
4.147324	298.9499	7.97214782e-02
4.149575	298.7877	8.00380746e-02
4.151826	298.6257	8.03577824e-02
4.154077	298.4639	8.06806327e-02
4.156328	298.3022	8.10066572e-02
4.158579	298.1407	8.13358881e-02
4.160830	297.9794	8.16683581e-02
4.163082	297.8183	8.20041003e-02
4.165333	297.6574	8.23431484e-02
4.167584	297.4966	8.26855366e-02
4.169835	297.3360	8.30312997e-02
4.172086	297.1755	8.33804728e-02
4.174337	297.0153	8.37330918e-02
4.176588	296.8552	8.40891931e-02
4.178839	296.6953	8.44488136e-02
4.181091	296.5355	8.48119908e-02
4.183342	296.3760	8.51787627e-02
4.185593	296.2166	8.55491680e-02
4.187844	296.0573	8.59232461e-02
4.190095	295.8983	8.63010368e-02
4.192346	295.7394	8.66825805e-02
4.194597	295.5807	8.70679185e-02
4.196848	295.4221	8.74570926e-02
4.199100	295.2638	8.78501451e-02
4.201351	295.1056	8.82471192e-02
4.203602	294.9475	8.86480586e-02
4.205853	294.7897	8.90530079e-02
4.208104	294.6320	8.94620123e-02
4.210355	294.4744	8.98751175e-02
4.212606	294.3171	9.02923703e-02
4.214857	294.1599	9.07138180e-02
4.217109	294.0028	9.11395088e-02
4.219360	293.8460	9.15694914e-02
4.221611	293.6893	9.20038156e-02
4.223862	293.5328	9.24425318e-02
4.226113	293.3764	9.28856912e-02
4.228364	293.2202	9.33333460e-02
4.230615	293.0642	9.37855491e-02
4.232866	292.9084	9.42423543e-02
4.235118	292.7527	9.47038161e-02
4.237369	292.5971	9.51699901e-02
4.239620	292.4418	9.56409328e-02
4.241871	292.2866	9.61167015e-02
4.244122	292.1315	9.65973544e-02
4.246373	291.9767	9.70829508e-02
4.248624	291.8220	9.75735509e-02
4.250875	291.6674	9.80692159e-02
4.253127	291.5131	9.85700078e-02
4.255378	291.3588	9.90759900e-02
4.257629	291.2048	9.95872267e-02
4.259880	291.0509	1.00103783e-01
4.262131	290.8972	1.00625726e-01
4.264382	290.7436	1.01153122e-01
4.266633	290.5902	1.01686041e-01
4.268884	290.4370	1.02224552e-01
4.271136	290.2839	1.02768725e-01
4.273387	290.1310	1.03318634e-01
4.275638	289.9782	1.03874351e-01
4.277889	289.8256	1.04435951e-01
4.280140	289.6732	1.05003510e-01
4.282391	289.5209	1.05577105e-01
4.284642	289.3688	1.06156814e-01
4.286893	289.2169	1.06742717e-01
4.289145	289.0651	1.07334895e-01
4.291396	288.9134	1.07933430e-01
4.293647	288.7620	1.08538408e-01
4.295898	288.6107	1.09149911e-01
4.298149	288.4595	1.09768029e-01
4.300400	288.3085	1.10392848e-01
4.302651	288.1577	1.11024460e-01
4.304902	288.0070	1.11662954e-01
4.307154	287.8564	1.12308424e-01
4.309405	287.7061	1.12960965e-01
4.311656	287.5559	1.13620672e-01
4.313907	287.4058	1.14287645e-01
4.316158	287.2559	1.14961982e-01
4.318409	287.1062	1.15643785e-01
4.320660	286.9566	1.16333156e-01
4.322911	286.8072	1.17030202e-01
4.325163	286.6579	1.17735028e-01
4.327414	286.5088	1.18447745e-01
4.329665	286.3598	1.19168461e-01
4.331916	286.2110	1.19897291e-01
4.334167	286.0623	1.20634348e-01
4.336418	285.9138	1.21379750e-01
4.338669	285.7655	1.22133615e-01
4.340920	285.6173	1.22896064e-01
4.343172	285.4692	1.23667221e-01
4.345423	285.3214	1.24447211e-01
4.347674	285.1736	1.25236162e-01
4.349925	285.0261	1.26034204e-01
4.352176	284.8786	1.26841469e-01
4.354427	284.7313	1.27658092e-01
4.356678	284.5842	1.28484210e-01
4.358929	284.4373	1.29319964e-01
4.361181	284.2904	1.30165496e-01
4.363432	284.1438	1.31020951e-01
4.365683	283.9973	1.31886476e-01
4.367934	283.8509	1.32762223e-01
4.370185	283.7047	1.33648344e-01
4.372436	283.5586	1.34544997e-01
4.374687	283.4127	1.35452340e-01
4.376938	283.2669	1.36370535e-01
4.379190	283.1213	1.37299748e-01
4.381441	282.9759	1.38240146e-01
4.383692	282.8305	1.39191903e-01
4.385943	282.6854	1.40155192e-01
4.388194	282.5404	1.41130191e-01
4.390445	282.3955	1.42117083e-01
4.392696	282.2508	1.43116053e-01
4.394947	282.1062	1.44127288e-01
4.397199	281.9618	1.45150981e-01
4.399450	281.8175	1.46187329e-01
4.401701	281.6734	1.47236531e-01
4.403952	281.5294	1.48298791e-01
4.406203	281.3856	1.49374317e-01
4.408454	281.2419	1.50463319e-01
4.410705	281.0983	1.51566015e-01
4.412956	280.9549	1.52682624e-01
4.415208	280.8117	1.53813370e-01
4.417459	280.6686	1.54958483e-01
4.419710	280.5256	1.56118196e-01
4.421961	280.3828	1.57292747e-01
4.424212	280.2402	1.58482378e-01
4.426463	280.0976	1.59687338e-01
4.428714	279.9553	1.60907879e-01
4.430965	279.8130	1.62144258e-01
4.433217	279.6710	1.63396738e-01
4.435468	279.5290	1.64665587e-01
4.437719	279.3872	1.65951079e-01
4.439970	279.2456	1.67253493e-01
4.442221	279.1041	1.68573113e-01
4.444472	278.9627	1.69910229e-01
4.446723	278.8215	1.71265139e-01
4.448974	278.6804	1.72638144e-01
4.451226	278.5394	1.74029553e-01
4.453477	278.3987	1.75439681e-01
4.455728	278.2580	1.76868849e-01
4.457979	278.1175	1.78317384e-01
4.460230	277.9771	1.79785623e-01
4.462481	277.8369	1.81273906e-01
4.464732	277.6968	1.82782581e-01
4.466983	277.5569	1.84312005e-01
4.469235	277.4171	1.85862542e-01
4.471486	277.2774	1.87434561e-01
4.473737	277.1379	1.89028441e-01
4.475988	276.9985	1.90644569e-01
4.478239	276.8593	1.92283339e-01
4.480490	276.7201	1.93945154e-01
4.482741	276.5812	1.95630426e-01
4.484992	276.4424	1.97339573e-01
4.487244	276.3037	1.99073025e-01
4.489495	276.1651	2.00831219e-01
4.491746	276.0267	2.02614602e-01
4.493997	275.8885	2.04423631e-01
4.496248	275.7503	2.06258771e-01
4.498499	275.6123	2.08120498e-01
4.500750	275.4745	2.10009298e-01
4.503002	275.3368	2.11925668e-01
4.505253	275.1992	2.13870113e-01
4.507504	275.0618	2.15843152e-01
4.509755	274.9245	2.17845312e-01
4.512006	274.7873	2.19877134e-01
4.514257	274.6503	2.21939168e-01
4.516508	274.5134	2.24031977e-01
4.518759	274.3766	2.26156136e-01
4.521011	274.2400	2.28312232e-01
4.523262	274.1035	2.30500864e-01
4.525513	273.9672	2.32722644e-01
4.527764	273.8310	2.34978198e-01
4.530015	273.6949	2.37268164e-01
4.532266	273.5589	2.39593194e-01
4.534517	273.4231	2.41953954e-01
4.536768	273.2875	2.44351123e-01
4.539020	273.1519	2.46785395e-01
4.541271	273.0165	2.49257480e-01
4.543522	272.8813	2.51768101e-01
4.545773	272.7461	2.54317997e-01
4.548024	272.6111	2.56907923e-01
4.550275	272.4763	2.59538649e-01
4.552526	272.3415	2.62210962e-01
4.554777	272.2069	2.64925663e-01
4.557029	272.0725	2.67683573e-01
4.559280	271.9381	2.70485528e-01
4.561531	271.8039	2.73332381e-01
4.563782	271.6698	2.76225004e-01
4.566033	271.5359	2.79164285e-01
4.568284	271.4021	2.82151131e-01
4.570535	271.2684	2.85186469e-01
4.572786	271.1349	2.88271241e-01
4.575038	271.0015	2.91406410e-01
4.577289	270.8682	2.94592959e-01
4.579540	270.7351	2.97831888e-01
4.581791	270.6020	3.01124219e-01
4.584042	270.4691	3.04470992e-01
4.586293	270.3364	3.07873268e-01
4.588544	270.2038	3.11332128e-01
4.590795	270.0713	3.14848673e-01
4.593047	269.9389	3.18424025e-01
4.595298	269.8067	3.22059326e-01
4.597549	269.6746	3.25755740e-01
4.599800	269.5426	3.29514450e-01
4.602051	269.4107	3.33336662e-01
4.604302	269.2790	3.37223602e-01
4.606553	269.1474	3.41176516e-01
4.608804	269.0160	3.45196672e-01
4.611056	268.8846	3.49285359e-01
4.613307	268.7534	3.53443885e-01
4.615558	268.6223	3.57673581e-01
4.617809	268.4914	3.61975796e-01
4.620060	268.3606	3.66351899e-01
4.622311	268.2299	3.70803280e-01
4.624562	268.0993	3.75331348e-01
4.626813	267.9689	3.79937529e-01
4.629065	267.8385	3.84623269e-01
4.631316	267.7084	3.89390029e-01
4.633567	267.5783	3.94239290e-01
4.635818	267.4484	3.99172545e-01
4.638069	267.3186	4.04191305e-01
4.640320	267.1889	4.09297093e-01
4.642571	267.0593	4.14491445e-01
4.644822	266.9299	4.19775909e-01
4.647074	266.8006	4.25152041e-01
4.649325	266.6714	4.30621407e-01
4.651576	266.5423	4.36185578e-01
4.653827	266.4134	4.41846131e-01
4.656078	266.2846	4.47604644e-01
4.658329	266.1559	4.53462695e-01
4.660580	266.0274	4.59421861e-01
4.662831	265.8989	4.65483711e-01
4.665083	265.7706	4.71649810e-01
4.667334	265.6424	4.77921707e-01
4.669585	265.5144	4.84300940e-01
4.671836	265.3864	4.90789026e-01
4.674087	265.2586	4.97387461e-01
4.676338	265.1309	5.04097712e-01
4.678589	265.0034	5.10921217e-01
4.680840	264.8759	5.17859375e-01
4.683092	264.7486	5.24913546e-01
4.685343	264.6214	5.32085039e-01
4.687594	264.4943	5.39375114e-01
4.689845	264.3674	5.46784966e-01
4.692096	264.2405	5.54315727e-01
4.694347	264.1138	5.61968453e-01
4.696598	263.9872	5.69744118e-01
4.698849	263.8607	5.77643608e-01
4.701101	263.7344	5.85667708e-01
4.703352	263.6082	5.93817097e-01
4.705603	263.4821	6.02092335e-01
4.707854	263.3561	6.10493856e-01
4.710105	263.2302	6.19021956e-01
4.712356	263.1045	6.27676781e-01
4.714607	262.9788	6.36458316e-01
4.716858	262.8533	6.45366376e-01
4.719110	262.7279	6.54400589e-01
4.721361	262.6027	6.63560384e-01
4.723612	262.4775	6.72844979e-01
4.725863	262.3525	6.82253368e-01
4.728114	262.2276	6.91784303e-01
4.730365	262.1028	7.01436282e-01
4.732616	261.9781	7.11207536e-01
4.734867	261.8536	7.21096006e-01
4.737119	261.7291	7.31099339e-01
4.739370	261.6048	7.41214862e-01
4.741621	261.4806	7.51439571e-01
4.743872	261.3565	7.61770117e-01
4.746123	261.2326	7.72202786e-01
4.748374	261.1087	7.82733487e-01
4.750625	260.9850	7.93357736e-01
4.752876	260.8614	8.04070643e-01
4.755128	260.7379	8.14866893e-01
4.757379	260.6145	8.25740741e-01
4.759630	260.4913	8.36685994e-01
4.761881	260.3681	8.47695999e-01
4.764132	260.2451	8.58763641e-01
4.766383	260.1222	8.69881325e-01
4.768634	259.9994	8.81040979e-01
4.770885	259.8767	8.92234040e-01
4.773137	259.7541	9.03451462e-01
4.775388	259.6317	9.14683706e-01
4.777639	259.5093	9.25920752e-01
4.779890	259.3871	9.37152096e-01
4.782141	259.2650	9.48366765e-01
4.784392	259.1430	9.59553326e-01
4.786643	259.0212	9.70699902e-01
4.788894	258.8994	9.81794190e-01
4.791146	258.7778	9.92823485e-01
4.793397	258.6562	1.00377470e+00
4.795648	258.5348	1.01463442e+00
4.797899	258.4135	1.02538890e+00
4.800150	258.2923	1.03602413e+00
4.802401	258.1713	1.04652587e+00
4.804652	258.0503	1.05687969e+00
4.806903	257.9294	1.06707106e+00
4.809155	257.8087	1.07708532e+00
4.811406	257.6881	1.08690784e+00
4.813657	257.5676	1.09652399e+00
4.815908	257.4472	1.10591928e+00
4.818159	257.3269	1.11507937e+00
4.820410	257.2067	1.12399017e+00
4.822661	257.0867	1.13263789e+00
4.824912	256.9667	1.14100911e+00
4.827164	256.8469	1.14909089e+00
4.829415	256.7272	1.15687079e+00
4.831666	256.6075	1.16433694e+00
4.833917	256.4880	1.17147816e+00
4.836168	256.3687	1.17828396e+00
4.838419	256.2494	1.18474466e+00
4.840670	256.1302	1.19085139e+00
4.842921	256.0112	1.19659618e+00
4.845173	255.8922	1.20197199e+00
4.847424	255.7734	1.20697278e+00
4.849675	255.6547	1.21159349e+00
4.851926	255.5360	1.21583012e+00
4.854177	255.4175	1.21967972e+00
4.856428	255.2991	1.22314041e+00
4.858679	255.1809	1.22621140e+00
4.860930	255.0627	1.22889295e+00
4.863182	254.9446	1.23118640e+00
4.865433	254.8267	1.23309413e+00
4.867684	254.7088	1.23461951e+00
4.869935	254.5911	1.23576692e+00
4.872186	254.4734	1.23654166e+00
4.874437	254.3559	1.23694992e+00
4.876688	254.2385	1.23699872e+00
4.878939	254.1212	1.23669588e+00
4.881191	254.0040	1.23604990e+00
4.883442	253.8869	1.23506992e+00
4.885693	253.7699	1.23376568e+00
4.887944	253.6531	1.23214738e+00
4.890195	253.5363	1.23022566e+00
4.892446	253.4196	1.22801148e+00
4.894697	253.3031	1.22551609e+00
4.896948	253.1866	1.22275089e+00
4.899200	253.0703	1.21972741e+00
4.901451	252.9541	1.21645722e+00
4.903702	252.8380	1.21295184e+00
4.905953	252.7219	1.20922268e+00
4.908204	252.6060	1.20528099e+00
4.910455	252.4902	1.20113779e+00
4.912706	252.3745	1.19680380e+00
4.914957	252.2589	1.19228942e+00
4.917209	252.1434	1.18760465e+00
4.919460	252.0281	1.18275907e+00
4.921711	251.9128	1.17776180e+00
4.923962	251.7976	1.17262146e+00
4.926213	251.6826	1.16734617e+00
4.928464	251.5676	1.16194350e+00
4.930715	251.4527	1.15642050e+00
4.932966	251.3380	1.15078364e+00
4.935218	251.2234	1.14503887e+00
4.937469	251.1088	1.13919156e+00
4.939720	250.9944	1.13324656e+00
4.941971	250.8801	1.12720818e+00
4.944222	250.7658	1.12108023e+00
4.946473	250.6517	1.11486604e+00
4.948724	250.5377	1.10856848e+00
4.950975	250.4238	1.10218997e+00
4.953227	250.3100	1.09573256e+00
4.955478	250.1962	1.08919793e+00
4.957729	250.0826	1.08258742e+00
4.959980	249.9691	1.07590211e+00
4.962231	249.8557	1.06914282e+00
4.964482	249.7424	1.06231017e+00
4.966733	249.6293	1.05540463e+00
4.968984	249.5162	1.04842654e+00
4.971236	249.4032	1.04137615e+00
4.973487	249.2903	1.03425371e+00
4.975738	249.1775	1.02705944e+00
4.977989	249.0648	1.01979360e+00
4.980240	248.9522	1.01245655e+00
4.982491	248.8398	1.00504872e+00
4.984742	248.7274	9.97570716e-01
4.986993	248.6151	9.90023276e-01
4.989245	248.5029	9.82407345e-01
4.991496	248.3909	9.74724071e-01
4.993747	248.2789	9.66974832e-01
4.995998	248.1670	9.59161242e-01
4.998249	248.0552	9.51285169e-01
5.000500	247.9436	9.43348736e-01
5.002751	247.8320	9.35354328e-01
5.005003	247.7205	9.27304589e-01
5.007254	247.6092	9.19202420e-01
5.009505	247.4979	9.11050974e-01
5.011756	247.3867	9.02853644e-01
5.014007	247.2757	8.94614051e-01
5.016258	247.1647	8.86336034e-01
5.018509	247.0538	8.78023630e-01
5.020760	246.9431	8.69681056e-01
5.023012	246.8324	8.61312692e-01
5.025263	246.7218	8.52923057e-01
5.027514	246.6113	8.44516791e-01
5.029765	246.5010	8.36098631e-01
5.032016	246.3907	8.27673387e-01
5.034267	246.2805	8.19245925e-01
5.036518	246.1704	8.10821137e-01
5.038769	246.0605	8.02403926e-01
5.041021	245.9506	7.93999181e-01
5.043272	245.8408	7.85611756e-01
5.045523	245.7311	7.77246456e-01
5.047774	245.6215	7.68908011e-01
5.050025	245.5120	7.60601064e-01
5.052276	245.4026	7.52330155e-01
5.054527	245.2934	7.44099705e-01
5.056778	245.1842	7.35914001e-01
5.059030	245.0751	7.27777191e-01
5.061281	244.9661	7.19693267e-01
5.063532	244.8571	7.11666058e-01
5.065783	244.7483	7.03699228e-01
5.068034	244.6396	6.95796260e-01
5.070285	244.5310	6.87960462e-01
5.072536	244.4225	6.80194956e-01
5.074787	244.3141	6.72502678e-01
5.077039	244.2057	6.64886379e-01
5.079290	244.0975	6.57348623e-01
5.081541	243.9894	6.49891786e-01
5.083792	243.8813	6.42518061e-01
5.086043	243.7734	6.35229461e-01
5.088294	243.6655	6.28027818e-01
5.090545	243.5578	6.20914789e-01
5.092796	243.4501	6.13891864e-01
5.095048	243.3426	6.06960363e-01
5.097299	243.2351	6.00121450e-01
5.099550	243.1277	5.93376130e-01
5.101801	243.0204	5.86725264e-01
5.104052	242.9133	5.80169565e-01
5.106303	242.8062	5.73709615e-01
5.108554	242.6992	5.67345860e-01
5.110805	242.5923	5.61078627e-01
5.113057	242.4855	5.54908121e-01
5.115308	242.3788	5.48834441e-01
5.117559	242.2721	5.42857575e-01
5.119810	242.1656	5.36977418e-01
5.122061	242.0592	5.31193769e-01
5.124312	241.9528	5.25506341e-01
5.126563	241.8466	5.19914767e-01
5.128814	241.7405	5.14418604e-01
5.131066	241.6344	5.09017341e-01
5.133317	241.5284	5.03710402e-01
5.135568	241.4226	4.98497151e-01
5.137819	241.3168	4.93376898e-01
5.140070	241.2111	4.88348904e-01
5.142321	241.1055	4.83412386e-01
5.144572	241.0000	4.78566519e-01
5.146823	240.8946	4.73810441e-01
5.149075	240.7893	4.69143258e-01
5.151326	240.6841	4.64564046e-01
5.153577	240.5789	4.60071859e-01
5.155828	240.4739	4.55665724e-01
5.158079	240.3689	4.51344651e-01
5.160330	240.2641	4.47107634e-01
5.162581	240.1593	4.42953653e-01
5.164832	240.0546	4.38881678e-01
5.167084	239.9500	4.34890670e-01
5.169335	239.8456	4.30979582e-01
5.171586	239.7412	4.27147366e-01
5.173837	239.6368	4.23392969e-01
5.176088	239.5326	4.19715340e-01
5.178339	239.4285	4.16113426e-01
5.180590	239.3245	4.12586181e-01
5.182841	239.2205	4.09132560e-01
5.185093	239.1166	4.05751525e-01
5.187344	239.0129	4.02442044e-01
5.189595	238.9092	3.99203093e-01
5.191846	238.8056	3.96033659e-01
5.194097	238.7021	3.92932736e-01
5.196348	238.5987	3.89899330e-01
5.198599	238.4954	3.86932458e-01
5.200850	238.3922	3.84031149e-01
5.203102	238.2890	3.81194447e-01
5.205353	238.1860	3.78421406e-01
5.207604	238.0830	3.75711095e-01
5.209855	237.9801	3.73062599e-01
5.212106	237.8773	3.70475015e-01
5.214357	237.7746	3.67947456e-01
5.216608	237.6720	3.65479052e-01
5.218859	237.5695	3.63068946e-01
5.221111	237.4671	3.60716297e-01
5.223362	237.3647	3.58420281e-01
5.225613	237.2625	3.56180090e-01
5.227864	237.1603	3.53994932e-01
5.230115	237.0583	3.51864030e-01
5.232366	236.9563	3.49786625e-01
5.234617	236.8544	3.47761973e-01
5.236868	236.7525	3.45789347e-01
5.239120	236.6508	3.43868036e-01
5.241371	236.5492	3.41997346e-01
5.243622	236.4476	3.40176599e-01
5.245873	236.3462	3.38405133e-01
5.248124	236.2448	3.36682301e-01
5.250375	236.1435	3.35007473e-01
5.252626	236.0423	3.33380037e-01
5.254877	235.9412	3.31799392e-01
5.257129	235.8401	3.30264959e-01
5.259380	235.7392	3.28776168e-01
5.261631	235.6383	3.27332471e-01
5.263882	235.5376	3.25933329e-01
5.266133	235.4369	3.24578224e-01
5.268384	235.3363	3.23266649e-01
5.270635	235.2358	3.21998113e-01
5.272886	235.1353	3.20772143e-01
5.275138	235.0350	3.19588275e-01
5.277389	234.9347	3.18446064e-01
5.279640	234.8346	3.17345079e-01
5.281891	234.7345	3.16284900e-01
5.284142	234.6345	3.15265125e-01
5.286393	234.5346	3.14285365e-01
5.288644	234.4347	3.13345242e-01
5.290895	234.3350	3.12444396e-01
5.293147	234.2353	3.11582478e-01
5.295398	234.1358	3.10759153e-01
5.297649	234.0363	3.09974100e-01
5.299900	233.9369	3.09227009e-01
5.302151	233.8375	3.08517586e-01
5.304402	233.7383	3.07845548e-01
5.306653	233.6391	3.07210626e-01
5.308904	233.5401	3.06612563e-01
5.311156	233.4411	3.06051114e-01
5.313407	233.3422	3.05526048e-01
5.315658	233.2434	3.05037146e-01
5.317909	233.1446	3.04584201e-01
5.320160	233.0460	3.04167018e-01
5.322411	232.9474	3.03785414e-01
5.324662	232.8489	3.03439220e-01
5.326913	232.7505	3.03128275e-01
5.329165	232.6522	3.02852435e-01
5.331416	232.5540	3.02611563e-01
5.333667	232.4558	3.02405538e-01
5.335918	232.3578	3.02234247e-01
5.338169	232.2598	3.02097591e-01
5.340420	232.1619	3.01995483e-01
5.342671	232.0640	3.01927845e-01
5.344922	231.9663	3.01894613e-01
5.347174	231.8687	3.01895734e-01
5.349425	231.7711	3.01931165e-01
5.351676	231.6736	3.02000876e-01
5.353927	231.5762	3.02104849e-01
5.356178	231.4788	3.02243075e-01
5.358429	231.3816	3.02415559e-01
5.360680	231.2844	3.02622317e-01
5.362931	231.1874	3.02863374e-01
5.365183	231.0904	3.03138769e-01
5.367434	230.9934	3.03448551e-01
5.369685	230.8966	3.03792783e-01
5.371936	230.7998	3.04171537e-01
5.374187	230.7032	3.04584897e-01
5.376438	230.6066	3.05032958e-01
5.378689	230.5100	3.05515830e-01
5.380940	230.4136	3.06033630e-01
5.383192	230.3173	3.06586490e-01
5.385443	230.2210	3.07174552e-01
5.387694	230.1248	3.07797972e-01
5.389945	230.0287	3.08456916e-01
5.392196	229.9326	3.09151563e-01
5.394447	229.8367	3.09882104e-01
5.396698	229.7408	3.10648742e-01
5.398949	229.6450	3.11451692e-01
5.401201	229.5493	3.12291182e-01
5.403452	229.4537	3.13167454e-01
5.405703	229.3581	3.14080759e-01
5.407954	229.2627	3.15031364e-01
5.410205	229.1673	3.16019548e-01
5.412456	229.0720	3.17045604e-01
5.414707	228.9767	3.18109835e-01
5.416958	228.8816	3.19212561e-01
5.419210	228.7865	3.20354114e-01
5.421461	228.6915	3.21534839e-01
5.423712	228.5966	3.22755097e-01
5.425963	228.5017	3.24015260e-01
5.428214	228.4070	3.25315718e-01
5.430465	228.3123	3.26656872e-01
5.432716	228.2177	3.28039140e-01
5.434967	228.1232	3.29462952e-01
5.437219	228.0287	3.30928757e-01
5.439470	227.9343	3.32437015e-01
5.441721	227.8400	3.33988206e-01
5.443972	227.7458	3.35582821e-01
5.446223	227.6517	3.37221371e-01
5.448474	227.5576	3.38904380e-01
5.450725	227.4637	3.40632391e-01
5.452976	227.3698	3.42405962e-01
5.455228	227.2759	3.44225668e-01
5.457479	227.1822	3.46092103e-01
5.459730	227.0885	3.48005876e-01
5.461981	226.9949	3.49967616e-01
5.464232	226.9014	3.51977968e-01
5.466483	226.8080	3.54037598e-01
5.468734	226.7146	3.56147188e-01
5.470985	226.6213	3.58307441e-01
5.473237	226.5281	3.60519077e-01
5.475488	226.4350	3.62782838e-01
5.477739	226.3419	3.65099486e-01
5.479990	226.2489	3.67469800e-01
5.482241	226.1560	3.69894583e-01
5.484492	226.0632	3.72374657e-01
5.486743	225.9705	3.74910867e-01
5.488994	225.8778	3.77504077e-01
5.491246	225.7852	3.80155176e-01
5.493497	225.6927	3.82865072e-01
5.495748	225.6002	3.85634699e-01
5.497999	225.5078	3.88465011e-01
5.500250	225.4156	3.91356986e-01
5.502501	225.3233	3.94311627e-01
5.504752	225.2312	3.97329961e-01
5.507004	225.1391	4.00413036e-01
5.509255	225.0471	4.03561929e-01
5.511506	224.9552	4.06777740e-01
5.513757	224.8634	4.10061593e-01
5.516008	224.7716	4.13414639e-01
5.518259	224.6799	4.16838056e-01
5.520510	224.5883	4.20333046e-01
5.522761	224.4967	4.23900840e-01
5.525013	224.4053	4.27542692e-01
5.527264	224.3139	4.31259886e-01
5.529515	224.2226	4.35053733e-01
5.531766	224.1313	4.38925571e-01
5.534017	224.0401	4.42876765e-01
5.536268	223.9490	4.46908707e-01
5.538519	223.8580	4.51022821e-01
5.540770	223.7671	4.55220554e-01
5.543022	223.6762	4.59503384e-01
5.545273	223.5854	4.63872816e-01
5.547524	223.4947	4.68330383e-01
5.549775	223.4040	4.72877648e-01
5.552026	223.3134	4.77516199e-01
5.554277	223.2229	4.82247653e-01
5.556528	223.1325	4.87073655e-01
5.558779	223.0421	4.91995876e-01
5.561031	222.9518	4.97016016e-01
5.563282	222.8616	5.02135797e-01
5.565533	222.7715	5.07356973e-01
5.567784	222.6814	5.12681317e-01
5.570035	222.5914	5.18110630e-01
5.572286	222.5015	5.23646737e-01
5.574537	222.4116	5.29291483e-01
5.576788	222.3219	5.35046736e-01
5.579040	222.2321	5.40914385e-01
5.581291	222.1425	5.46896337e-01
5.583542	222.0530	5.52994517e-01
5.585793	221.9635	5.59210865e-01
5.588044	221.8740	5.65547336e-01
5.590295	221.7847	5.72005896e-01
5.592546	221.6954	5.78588521e-01
5.594797	221.6062	5.85297194e-01
5.597049	221.5171	5.92133903e-01
5.599300	221.4280	5.99100636e-01
5.601551	221.3391	6.06199382e-01
5.603802	221.2501	6.13432121e-01
5.606053	221.1613	6.20800827e-01
5.608304	221.0725	6.28307460e-01
5.610555	220.9838	6.35953961e-01
5.612806	220.8952	6.43742252e-01
5.615058	220.8066	6.51674225e-01
5.617309	220.7181	6.59751738e-01
5.619560	220.6297	6.67976612e-01
5.621811	220.5414	6.76350622e-01
5.624062	220.4531	6.84875491e-01
5.626313	220.3649	6.93552882e-01
5.628564	220.2768	7.02384390e-01
5.630815	220.1887	7.11371535e-01
5.633067	220.1007	7.20515752e-01
5.635318	220.0128	7.29818382e-01
5.637569	219.9249	7.39280662e-01
5.639820	219.8371	7.48903712e-01
5.642071	219.7494	7.58688530e-01
5.644322	219.6618	7.68635973e-01
5.646573	219.5742	7.78746747e-01
5.648824	219.4867	7.89021397e-01
5.651076	219.3993	7.99460287e-01
5.653327	219.3119	8.10063591e-01
5.655578	219.2246	8.20831274e-01
5.657829	219.1374	8.31763079e-01
5.660080	219.0502	8.42858507e-01
5.662331	218.9632	8.54116802e-01
5.664582	218.8761	8.65536933e-01
5.666833	218.7892	8.77117574e-01
5.669085	218.7023	8.88857085e-01
5.671336	218.6155	9.00753494e-01
5.673587	218.5288	9.12804475e-01
5.675838	218.4421	9.25007326e-01
5.678089	218.3555	9.37358950e-01
5.680340	218.2690	9.49855834e-01
5.682591	218.1825	9.62494024e-01
5.684842	218.0961	9.75269106e-01
5.687094	218.0098	9.88176182e-01
5.689345	217.9235	1.00120985e+00
5.691596	217.8373	1.01436418e+00
5.693847	217.7512	1.02763270e+00
5.696098	217.6651	1.04100837e+00
5.698349	217.5791	1.05448355e+00
5.700600	217.4932	1.06805001e+00
5.702851	217.4074	1.08169888e+00
5.705103	217.3216	1.09542066e+00
5.707354	217.2359	1.10920521e+00
5.709605	217.1502	1.12304170e+00
5.711856	217.0646	1.13691864e+00
5.714107	216.9791	1.15082386e+00
5.716358	216.8937	1.16474447e+00
5.718609	216.8083	1.17866695e+00
5.720860	216.7230	1.19257705e+00
5.723112	216.6377	1.20645986e+00
5.725363	216.5526	1.22029979e+00
5.727614	216.4674	1.23408061e+00
5.729865	216.3824	1.24778547e+00
5.732116	216.2974	1.26139687e+00
5.734367	216.2125	1.27489678e+00
5.736618	216.1277	1.28826660e+00
5.738869	216.0429	1.30148724e+00
5.741121	215.9582	1.31453915e+00
5.743372	215.8735	1.32740238e+00
5.745623	215.7890	1.34005666e+00
5.747874	215.7044	1.35248140e+00
5.750125	215.6200	1.36465584e+00
5.752376	215.5356	1.37655908e+00
5.754627	215.4513	1.38817015e+00
5.756878	215.3671	1.39946813e+00
5.759130	215.2829	1.41043221e+00
5.761381	215.1988	1.42104182e+00
5.763632	215.1147	1.43127666e+00
5.765883	215.0307	1.44111687e+00
5.768134	214.9468	1.45054309e+00
5.770385	214.8629	1.45953657e+00
5.772636	214.7792	1.46807927e+00
5.774887	214.6954	1.47615397e+00
5.777139	214.6118	1.48374433e+00
5.779390	214.5282	1.49083503e+00
5.781641	214.4446	1.49741184e+00
5.783892	214.3612	1.50346171e+00
5.786143	214.2778	1.50897284e+00
5.788394	214.1945	1.51393475e+00
5.790645	214.1112	1.51833836e+00
5.792896	214.0280	1.52217603e+00
5.795148	213.9448	1.52544163e+00
5.797399	213.8618	1.52813053e+00
5.799650	213.7788	1.53023968e+00
5.801901	213.6958	1.53176758e+00
5.804152	213.6129	1.53271432e+00
5.806403	213.5301	1.53308155e+00
5.808654	213.4474	1.53287247e+00
5.810905	213.3647	1.53209179e+00
5.813157	213.2820	1.53074571e+00
5.815408	213.1995	1.52884185e+00
5.817659	213.1170	1.52638922e+00
5.819910	213.0346	1.52339813e+00
5.822161	212.9522	1.51988009e+00
5.824412	212.8699	1.51584780e+00
5.826663	212.7876	1.51131500e+00
5.828914	212.7055	1.50629637e+00
5.831166	212.6233	1.50080749e+00
5.833417	212.5413	1.49486469e+00
5.835668	212.4593	1.48848497e+00
5.837919	212.3774	1.48168589e+00
5.840170	212.2955	1.47448544e+00
5.842421	212.2137	1.46690200e+00
5.844672	212.1320	1.45895417e+00
5.846923	212.0503	1.45066072e+00
5.849175	211.9687	1.44204047e+00
5.851426	211.8872	1.43311221e+00
5.853677	211.8057	1.42389463e+00
5.855928	211.7242	1.41440619e+00
5.858179	211.6429	1.40466509e+00
5.860430	211.5616	1.39468920e+00
5.862681	211.4804	1.38449598e+00
5.864932	211.3992	1.37410242e+00
5.867184	211.3181	1.36352503e+00
5.869435	211.2370	1.35277974e+00
5.871686	211.1560	1.34188192e+00
5.873937	211.0751	1.33084631e+00
5.876188	210.9943	1.31968704e+00
5.878439	210.9135	1.30841755e+00
5.880690	210.8327	1.29705067e+00
5.882941	210.7520	1.28559851e+00
5.885193	210.6714	1.27407257e+00
5.887444	210.5909	1.26248364e+00
5.889695	210.5104	1.25084192e+00
5.891946	210.4300	1.23915692e+00
5.894197	210.3496	1.22743757e+00
5.896448	210.2693	1.21569221e+00
5.898699	210.1890	1.20392859e+00
5.900950	210.1089	1.19215393e+00
5.903202	210.0287	1.18037495e+00
5.905453	209.9487	1.16859787e+00
5.907704	209.8687	1.15682847e+00
5.909955	209.7887	1.14507210e+00
5.912206	209.7088	1.13333374e+00
5.914457	209.6290	1.12161800e+00
5.916708	209.5493	1.10992918e+00
5.918959	209.4696	1.09827128e+00
5.921211	209.3899	1.08664806e+00
5.923462	209.3104	1.07506302e+00
5.925713	209.2308	1.06351948e+00
5.927964	209.1514	1.05202056e+00
5.930215	209.0720	1.04056923e+00
5.932466	208.9927	1.02916835e+00
5.934717	208.9134	1.01782064e+00
5.936968	208.8342	1.00652874e+00
5.939220	208.7550	9.95295191e-01
5.941471	208.6759	9.84122487e-01
5.943722	208.5969	9.73013056e-01
5.945973	208.5179	9.61969284e-01
5.948224	208.4390	9.50993513e-01
5.950475	208.3602	9.40088055e-01
5.952726	208.2814	9.29255189e-01
5.954977	208.2026	9.18497167e-01
5.957229	208.1239	9.07816211e-01
5.959480	208.0453	8.97214517e-01
5.961731	207.9668	8.86694248e-01
5.963982	207.8883	8.76257535e-01
5.966233	207.8098	8.65906472e-01
5.968484	207.7315	8.55643110e-01
5.970735	207.6531	8.45469455e-01
5.972986	207.5749	8.35387462e-01
5.975238	207.4967	8.25399029e-01
5.977489	207.4185	8.15505991e-01
5.979740	207.3404	8.05710118e-01
5.981991	207.2624	7.96013103e-01
5.984242	207.1845	7.86416566e-01
5.986493	207.1065	7.76922042e-01
5.988744	207.0287	7.67530979e-01
5.990995	206.9509	7.58244737e-01
5.993247	206.8732	7.49064578e-01
5.995498	206.7955	7.39991672e-01
5.997749	206.7179	7.31027086e-01
6.000000	206.6403	7.22171787e-01
