material	diameter_nm	peak_nm	cabs_nm2
Ag	10.0	406.00	2.955937e+02
Ag	10.5	406.50	3.418468e+02
Ag	11.0	406.50	3.926536e+02
Ag	11.5	406.50	4.480829e+02
Ag	12.0	406.50	5.082700e+02
Ag	12.5	407.00	5.735026e+02
Ag	13.0	407.00	6.440014e+02
Ag	13.5	407.00	7.196685e+02
Ag	14.0	407.00	8.005697e+02
Ag	14.5	407.50	8.874031e+02
Ag	15.0	407.50	9.797010e+02
Ag	15.5	407.50	1.077443e+03
Ag	16.0	408.00	1.181469e+03
Ag	16.5	408.00	1.291151e+03
Ag	17.0	408.50	1.406385e+03
Ag	17.5	408.50	1.528261e+03
Ag	18.0	408.50	1.655571e+03
Ag	18.5	409.00	1.788942e+03
Ag	19.0	409.00	1.928446e+03
Ag	19.5	409.50	2.073112e+03
Ag	20.0	409.50	2.224682e+03
Ag	20.5	409.50	2.381010e+03
Ag	21.0	410.00	2.543761e+03
Ag	21.5	410.00	2.711434e+03
Ag	22.0	410.50	2.884867e+03
Ag	22.5	410.50	3.063272e+03
Ag	23.0	411.00	3.246872e+03
Ag	23.5	411.00	3.435190e+03
Ag	24.0	411.50	3.628325e+03
Ag	24.5	411.50	3.825530e+03
Ag	25.0	412.00	4.027443e+03
Ag	25.5	412.00	4.232299e+03
Ag	26.0	412.50	4.442114e+03
Ag	26.5	413.00	4.653449e+03
Ag	27.0	413.00	4.869905e+03
Ag	27.5	413.50	5.087596e+03
Ag	28.0	413.50	5.308077e+03
Ag	28.5	414.00	5.530987e+03
Ag	29.0	414.50	5.753918e+03
Ag	29.5	414.50	5.980513e+03
Ag	30.0	415.00	6.206825e+03
Ag	30.5	415.00	6.432839e+03
Ag	31.0	415.50	6.661193e+03
Ag	31.5	416.00	6.888005e+03
Ag	32.0	416.00	7.113463e+03
Ag	32.5	416.50	7.340297e+03
Ag	33.0	417.00	7.564653e+03
Ag	33.5	417.50	7.786238e+03
Ag	34.0	417.50	8.007739e+03
Ag	34.5	418.00	8.226702e+03
Ag	35.0	418.50	8.442034e+03
Ag	35.5	419.00	8.653487e+03
Ag	36.0	419.00	8.864214e+03
Ag	36.5	419.50	9.070518e+03
Ag	37.0	420.00	9.272184e+03
Ag	37.5	420.50	9.469018e+03
Ag	38.0	420.50	9.662427e+03
Ag	38.5	421.00	9.851822e+03
Ag	39.0	421.50	1.003575e+04
Ag	39.5	422.00	1.021408e+04
Ag	40.0	422.50	1.038667e+04
Ag	40.5	423.00	1.055342e+04
Ag	41.0	423.00	1.071618e+04
Ag	41.5	423.50	1.087287e+04
Ag	42.0	424.00	1.102331e+04
Ag	42.5	424.50	1.116745e+04
Ag	43.0	425.00	1.130524e+04
Ag	43.5	425.50	1.143665e+04
Ag	44.0	426.00	1.156165e+04
Ag	44.5	426.50	1.168025e+04
Ag	45.0	426.50	1.179261e+04
Ag	45.5	427.00	1.189928e+04
Ag	46.0	427.50	1.199946e+04
Ag	46.5	428.00	1.209319e+04
Ag	47.0	428.50	1.218050e+04
Ag	47.5	429.00	1.226147e+04
Ag	48.0	429.50	1.233616e+04
Ag	48.5	430.00	1.240464e+04
Ag	49.0	430.50	1.246701e+04
Ag	49.5	431.00	1.252335e+04
Ag	50.0	431.50	1.257376e+04
Ag	50.5	432.00	1.261835e+04
Ag	51.0	432.50	1.265722e+04
Ag	51.5	433.00	1.269050e+04
Ag	52.0	433.50	1.271831e+04
Ag	52.5	434.00	1.274077e+04
Ag	53.0	434.50	1.275802e+04
Ag	53.5	435.00	1.277019e+04
Ag	54.0	435.50	1.277742e+04
Ag	54.5	436.50	1.278010e+04
Ag	55.0	437.00	1.277850e+04
Ag	55.5	437.50	1.277240e+04
Ag	56.0	438.00	1.276196e+04
Ag	56.5	438.50	1.274731e+04
Ag	57.0	439.00	1.272861e+04
Ag	57.5	439.50	1.270599e+04
Ag	58.0	440.00	1.267961e+04
Ag	58.5	440.50	1.264961e+04
Ag	59.0	441.00	1.261614e+04
Ag	59.5	442.00	1.258019e+04
Ag	60.0	442.50	1.254106e+04
Ag	60.5	443.00	1.249887e+04
Ag	61.0	443.50	1.245377e+04
Ag	61.5	444.00	1.240590e+04
Ag	62.0	444.50	1.235540e+04
Ag	62.5	445.50	1.230304e+04
Ag	63.0	446.00	1.224855e+04
Ag	63.5	446.50	1.219179e+04
Ag	64.0	447.00	1.213290e+04
Ag	64.5	447.50	1.207200e+04
Ag	65.0	448.50	1.200976e+04
Ag	65.5	449.00	1.194607e+04
Ag	66.0	449.50	1.188070e+04
Ag	66.5	450.00	1.181376e+04
Ag	67.0	451.00	1.174550e+04
Ag	67.5	451.50	1.167660e+04
Ag	68.0	452.00	1.160642e+04
Ag	68.5	452.50	1.153506e+04
Ag	69.0	453.50	1.146276e+04
Ag	69.5	454.00	1.139014e+04
Ag	70.0	454.50	1.131660e+04
Ag	70.5	455.00	1.124224e+04
Ag	71.0	456.00	1.116748e+04
Ag	71.5	456.50	1.109245e+04
Ag	72.0	457.00	1.101680e+04
Ag	72.5	458.00	1.094064e+04
Ag	73.0	458.50	1.086471e+04
Ag	73.5	459.00	1.078837e+04
Ag	74.0	459.50	1.071168e+04
Ag	74.5	460.50	1.063522e+04
Ag	75.0	461.00	1.055867e+04
Ag	75.5	461.50	1.048195e+04
Ag	76.0	462.50	1.040551e+04
Ag	76.5	463.00	1.032920e+04
Ag	77.0	397.50	1.038269e+04
Ag	77.5	397.50	1.055040e+04
Ag	78.0	398.00	1.071869e+04
Ag	78.5	398.00	1.089211e+04
Ag	79.0	398.00	1.106581e+04
Ag	79.5	398.50	1.123995e+04
Ag	80.0	398.50	1.141907e+04
Ag_visible	10.0	400.00	1.973080e+02
Ag_visible	10.5	400.00	2.295100e+02
Ag_visible	11.0	400.00	2.651803e+02
Ag_visible	11.5	400.00	3.045221e+02
Ag_visible	12.0	400.00	3.477401e+02
Ag_visible	12.5	400.00	3.950405e+02
Ag_visible	13.0	400.00	4.466296e+02
Ag_visible	13.5	400.00	5.027126e+02
Ag_visible	14.0	400.00	5.634929e+02
Ag_visible	14.5	400.00	6.291703e+02
Ag_visible	15.0	400.00	6.999392e+02
Ag_visible	15.5	400.00	7.759874e+02
Ag_visible	16.0	400.00	8.574934e+02
Ag_visible	16.5	400.00	9.446249e+02
Ag_visible	17.0	400.00	1.037536e+03
Ag_visible	17.5	400.00	1.136365e+03
Ag_visible	18.0	400.00	1.241232e+03
Ag_visible	18.5	400.00	1.352234e+03
Ag_visible	19.0	400.00	1.469445e+03
Ag_visible	19.5	400.00	1.592912e+03
Ag_visible	20.0	400.00	1.722652e+03
Ag_visible	20.5	400.00	1.858647e+03
Ag_visible	21.0	400.00	2.000844e+03
Ag_visible	21.5	400.00	2.149153e+03
Ag_visible	22.0	400.00	2.303441e+03
Ag_visible	22.5	400.00	2.463532e+03
Ag_visible	23.0	400.00	2.629207e+03
Ag_visible	23.5	400.00	2.800199e+03
Ag_visible	24.0	400.00	2.976195e+03
Ag_visible	24.5	400.00	3.156836e+03
Ag_visible	25.0	400.00	3.341718e+03
Ag_visible	25.5	400.00	3.530390e+03
Ag_visible	26.0	400.00	3.722362e+03
Ag_visible	26.5	400.00	3.917101e+03
Ag_visible	27.0	400.00	4.114043e+03
Ag_visible	27.5	400.00	4.312591e+03
Ag_visible	28.0	400.00	4.512121e+03
Ag_visible	28.5	400.00	4.711992e+03
Ag_visible	29.0	400.50	4.914303e+03
Ag_visible	29.5	401.00	5.118101e+03
Ag_visible	30.0	401.00	5.324335e+03
Ag_visible	30.5	401.50	5.532315e+03
Ag_visible	31.0	402.00	5.740951e+03
Ag_visible	31.5	402.00	5.950319e+03
Ag_visible	32.0	402.50	6.161352e+03
Ag_visible	32.5	403.00	6.372160e+03
Ag_visible	33.0	403.50	6.582439e+03
Ag_visible	33.5	403.50	6.792411e+03
Ag_visible	34.0	404.00	7.002579e+03
Ag_visible	34.5	404.50	7.211318e+03
Ag_visible	35.0	405.00	7.418336e+03
Ag_visible	35.5	405.50	7.623346e+03
Ag_visible	36.0	405.50	7.827036e+03
Ag_visible	36.5	406.00	8.028766e+03
Ag_visible	37.0	406.50	8.227627e+03
Ag_visible	37.5	407.00	8.423358e+03
Ag_visible	38.0	407.50	8.615709e+03
Ag_visible	38.5	408.00	8.804438e+03
Ag_visible	39.0	408.00	8.989889e+03
Ag_visible	39.5	408.50	9.171834e+03
Ag_visible	40.0	409.00	9.349429e+03
Ag_visible	40.5	409.50	9.522476e+03
Ag_visible	41.0	410.00	9.690788e+03
Ag_visible	41.5	410.50	9.854191e+03
Ag_visible	42.0	411.00	1.001253e+04
Ag_visible	42.5	411.50	1.016564e+04
Ag_visible	43.0	412.00	1.031341e+04
Ag_visible	43.5	412.50	1.045570e+04
Ag_visible	44.0	413.00	1.059242e+04
Ag_visible	44.5	413.00	1.072351e+04
Ag_visible	45.0	413.50	1.084912e+04
Ag_visible	45.5	414.00	1.096883e+04
Ag_visible	46.0	414.50	1.108261e+04
Ag_visible	46.5	415.00	1.119039e+04
Ag_visible	47.0	415.50	1.129217e+04
Ag_visible	47.5	416.00	1.138792e+04
Ag_visible	48.0	416.50	1.147764e+04
Ag_visible	48.5	417.00	1.156134e+04
Ag_visible	49.0	417.50	1.163905e+04
Ag_visible	49.5	418.00	1.171080e+04
Ag_visible	50.0	418.50	1.177663e+04
Ag_visible	50.5	419.50	1.183666e+04
Ag_visible	51.0	420.00	1.189115e+04
Ag_visible	51.5	420.50	1.193994e+04
Ag_visible	52.0	421.00	1.198312e+04
Ag_visible	52.5	421.50	1.202077e+04
Ag_visible	53.0	422.00	1.205298e+04
Ag_visible	53.5	422.50	1.207986e+04
Ag_visible	54.0	423.00	1.210152e+04
Ag_visible	54.5	423.50	1.211806e+04
Ag_visible	55.0	424.00	1.212962e+04
Ag_visible	55.5	424.50	1.213632e+04
Ag_visible	56.0	425.00	1.213829e+04
Ag_visible	56.5	425.50	1.213565e+04
Ag_visible	57.0	426.50	1.212867e+04
Ag_visible	57.5	427.00	1.211785e+04
Ag_visible	58.0	427.50	1.210285e+04
Ag_visible	58.5	428.00	1.208380e+04
Ag_visible	59.0	428.50	1.206085e+04
Ag_visible	59.5	429.00	1.203415e+04
Ag_visible	60.0	429.50	1.200384e+04
Ag_visible	60.5	430.00	1.197008e+04
Ag_visible	61.0	431.00	1.193318e+04
Ag_visible	61.5	431.50	1.189353e+04
Ag_visible	62.0	432.00	1.185084e+04
Ag_visible	62.5	432.50	1.180526e+04
Ag_visible	63.0	433.00	1.175691e+04
Ag_visible	63.5	433.50	1.170595e+04
Ag_visible	64.0	434.00	1.165252e+04
Ag_visible	64.5	435.00	1.159714e+04
Ag_visible	65.0	435.50	1.153970e+04
Ag_visible	65.5	436.00	1.148016e+04
Ag_visible	66.0	436.50	1.141864e+04
Ag_visible	66.5	437.00	1.135529e+04
Ag_visible	67.0	437.50	1.129022e+04
Ag_visible	67.5	438.50	1.122392e+04
Ag_visible	68.0	439.00	1.115624e+04
Ag_visible	68.5	439.50	1.108716e+04
Ag_visible	69.0	440.00	1.101681e+04
Ag_visible	69.5	440.50	1.094529e+04
Ag_visible	70.0	441.50	1.087272e+04
Ag_visible	70.5	442.00	1.079957e+04
Ag_visible	71.0	442.50	1.072553e+04
Ag_visible	71.5	443.00	1.065069e+04
Ag_visible	72.0	443.50	1.057516e+04
Ag_visible	72.5	444.00	1.049901e+04
Ag_visible	73.0	445.00	1.042245e+04
Ag_visible	73.5	445.50	1.034563e+04
Ag_visible	74.0	446.00	1.026842e+04
Ag_visible	74.5	446.50	1.019090e+04
Ag_visible	75.0	447.00	1.011314e+04
Ag_visible	75.5	447.50	1.003521e+04
Ag_visible	76.0	448.50	9.957273e+03
Ag_visible	76.5	449.00	9.879416e+03
Ag_visible	77.0	449.50	9.801559e+03
Ag_visible	77.5	450.00	9.723760e+03
Ag_visible	78.0	450.50	9.646074e+03
Ag_visible	78.5	451.00	9.568555e+03
Ag_visible	79.0	451.50	9.491253e+03
Ag_visible	79.5	452.50	9.414308e+03
Ag_visible	80.0	453.00	9.337706e+03
