diameter_nm	wavelength_nm	qabs	cabs_nm2
35.0	300.0	6.40825106e-01	6.16546005e+02
35.0	300.5	6.34068139e-01	6.10045041e+02
35.0	301.0	6.27601564e-01	6.03823467e+02
35.0	301.5	6.21414872e-01	5.97871172e+02
35.0	302.0	6.15498057e-01	5.92178528e+02
35.0	302.5	6.09841593e-01	5.86736373e+02
35.0	303.0	6.04436415e-01	5.81535982e+02
35.0	303.5	5.99273894e-01	5.76569054e+02
35.0	304.0	5.94345817e-01	5.71827688e+02
35.0	304.5	5.89644371e-01	5.67304368e+02
35.0	305.0	5.85162123e-01	5.62991939e+02
35.0	305.5	5.80891999e-01	5.58883598e+02
35.0	306.0	5.76827271e-01	5.54972872e+02
35.0	306.5	5.72961541e-01	5.51253604e+02
35.0	307.0	5.69288721e-01	5.47719937e+02
35.0	307.5	5.65803023e-01	5.44366303e+02
35.0	308.0	5.62498946e-01	5.41187408e+02
35.0	308.5	5.59371256e-01	5.38178217e+02
35.0	309.0	5.56414981e-01	5.35333947e+02
35.0	309.5	5.53625395e-01	5.32650051e+02
35.0	310.0	5.50998008e-01	5.30122209e+02
35.0	310.5	5.48528556e-01	5.27746317e+02
35.0	311.0	5.46212989e-01	5.25518481e+02
35.0	311.5	5.44047462e-01	5.23435000e+02
35.0	312.0	5.42028329e-01	5.21492366e+02
35.0	312.5	5.40152129e-01	5.19687251e+02
35.0	313.0	5.38415584e-01	5.18016498e+02
35.0	313.5	5.36815585e-01	5.16477119e+02
35.0	314.0	5.35349191e-01	5.15066282e+02
35.0	314.5	5.34013617e-01	5.13781309e+02
35.0	315.0	5.32806231e-01	5.12619668e+02
35.0	315.5	5.31724547e-01	5.11578966e+02
35.0	316.0	5.30766219e-01	5.10656946e+02
35.0	316.5	5.29929034e-01	5.09851480e+02
35.0	317.0	5.29210912e-01	5.09160566e+02
35.0	317.5	5.28609893e-01	5.08582318e+02
35.0	318.0	5.28124143e-01	5.08114971e+02
35.0	318.5	5.27751939e-01	5.07756869e+02
35.0	319.0	5.27491672e-01	5.07506464e+02
35.0	319.5	5.27341843e-01	5.07362311e+02
35.0	320.0	5.27301055e-01	5.07323068e+02
35.0	320.5	5.27368014e-01	5.07387490e+02
35.0	321.0	5.27541524e-01	5.07554427e+02
35.0	321.5	5.27820485e-01	5.07822818e+02
35.0	322.0	5.28203889e-01	5.08191696e+02
35.0	322.5	5.28690819e-01	5.08660178e+02
35.0	323.0	5.29280446e-01	5.09227465e+02
35.0	323.5	5.29972026e-01	5.09892843e+02
35.0	324.0	5.30764899e-01	5.10655677e+02
35.0	324.5	5.31658489e-01	5.11515411e+02
35.0	325.0	5.32652297e-01	5.12471566e+02
35.0	325.5	5.33745905e-01	5.13523740e+02
35.0	326.0	5.34938971e-01	5.14671605e+02
35.0	326.5	5.36231230e-01	5.15914903e+02
35.0	327.0	5.37622491e-01	5.17253453e+02
35.0	327.5	5.39112636e-01	5.18687141e+02
35.0	328.0	5.40701623e-01	5.20215926e+02
35.0	328.5	5.42389479e-01	5.21839833e+02
35.0	329.0	5.44176302e-01	5.23558959e+02
35.0	329.5	5.46062264e-01	5.25373467e+02
35.0	330.0	5.48047605e-01	5.27283588e+02
35.0	330.5	5.50132635e-01	5.29289623e+02
35.0	331.0	5.52317735e-01	5.31391935e+02
35.0	331.5	5.54603355e-01	5.33590959e+02
35.0	332.0	5.56990014e-01	5.35887194e+02
35.0	332.5	5.59478302e-01	5.38281207e+02
35.0	333.0	5.62068877e-01	5.40773633e+02
35.0	333.5	5.64762471e-01	5.43365174e+02
35.0	334.0	5.67559881e-01	5.46056598e+02
35.0	334.5	5.70461980e-01	5.48848745e+02
35.0	335.0	5.73469711e-01	5.51742521e+02
35.0	335.5	5.76584088e-01	5.54738902e+02
35.0	336.0	5.79806199e-01	5.57838937e+02
35.0	336.5	5.83137207e-01	5.61043742e+02
35.0	337.0	5.86578350e-01	5.64354509e+02
35.0	337.5	5.90130940e-01	5.67772502e+02
35.0	338.0	5.93796370e-01	5.71299058e+02
35.0	338.5	5.97576108e-01	5.74935593e+02
35.0	339.0	6.01471706e-01	5.78683597e+02
35.0	339.5	6.05484795e-01	5.82544641e+02
35.0	340.0	6.09617090e-01	5.86520375e+02
35.0	340.5	6.13870394e-01	5.90612533e+02
35.0	341.0	6.18246593e-01	5.94822930e+02
35.0	341.5	6.22747666e-01	5.99153470e+02
35.0	342.0	6.27375682e-01	6.03606143e+02
35.0	342.5	6.32132805e-01	6.08183032e+02
35.0	343.0	6.37021295e-01	6.12886310e+02
35.0	343.5	6.42043510e-01	6.17718248e+02
35.0	344.0	6.47201913e-01	6.22681212e+02
35.0	344.5	6.52499069e-01	6.27777673e+02
35.0	345.0	6.57937652e-01	6.33010203e+02
35.0	345.5	6.63520448e-01	6.38381483e+02
35.0	346.0	6.69250358e-01	6.43894303e+02
35.0	346.5	6.75130401e-01	6.49551567e+02
35.0	347.0	6.81163720e-01	6.55356300e+02
35.0	347.5	6.87353581e-01	6.61311644e+02
35.0	348.0	6.93703385e-01	6.67420872e+02
35.0	348.5	7.00216666e-01	6.73687382e+02
35.0	349.0	7.06897098e-01	6.80114711e+02
35.0	349.5	7.13748502e-01	6.86706534e+02
35.0	350.0	7.20774847e-01	6.93466670e+02
35.0	350.5	7.27980259e-01	7.00399089e+02
35.0	351.0	7.35369024e-01	7.07507915e+02
35.0	351.5	7.42945599e-01	7.14797433e+02
35.0	352.0	7.50714610e-01	7.22272098e+02
35.0	352.5	7.58680867e-01	7.29936535e+02
35.0	353.0	7.66849365e-01	7.37795551e+02
35.0	353.5	7.75225295e-01	7.45854140e+02
35.0	354.0	7.83814048e-01	7.54117490e+02
35.0	354.5	7.92621228e-01	7.62590989e+02
35.0	355.0	8.01652652e-01	7.71280238e+02
35.0	355.5	8.10914368e-01	7.80191053e+02
35.0	356.0	8.20412657e-01	7.89329478e+02
35.0	356.5	8.30154045e-01	7.98701791e+02
35.0	357.0	8.40145310e-01	8.08314515e+02
35.0	357.5	8.50393497e-01	8.18174427e+02
35.0	358.0	8.60905924e-01	8.28288566e+02
35.0	358.5	8.71690190e-01	8.38664246e+02
35.0	359.0	8.82754194e-01	8.49309065e+02
35.0	359.5	8.94106138e-01	8.60230916e+02
35.0	360.0	9.05754543e-01	8.71437995e+02
35.0	360.5	9.17708259e-01	8.82938817e+02
35.0	361.0	9.29976474e-01	8.94742223e+02
35.0	361.5	9.42568730e-01	9.06857393e+02
35.0	362.0	9.55494932e-01	9.19293857e+02
35.0	362.5	9.68765361e-01	9.32061505e+02
35.0	363.0	9.82390681e-01	9.45170600e+02
35.0	363.5	9.96381956e-01	9.58631784e+02
35.0	364.0	1.01075065e+00	9.72456091e+02
35.0	364.5	1.02550866e+00	9.86654957e+02
35.0	365.0	1.04066828e+00	1.00124022e+03
35.0	365.5	1.05624226e+00	1.01622415e+03
35.0	366.0	1.07224377e+00	1.03161940e+03
35.0	366.5	1.08868642e+00	1.04743909e+03
35.0	367.0	1.10558427e+00	1.06369672e+03
35.0	367.5	1.12295180e+00	1.08040625e+03
35.0	368.0	1.14080394e+00	1.09758202e+03
35.0	368.5	1.15915602e+00	1.11523878e+03
35.0	369.0	1.17802378e+00	1.13339170e+03
35.0	369.5	1.19742334e+00	1.15205627e+03
35.0	370.0	1.21737120e+00	1.17124835e+03
35.0	370.5	1.23788414e+00	1.19098412e+03
35.0	371.0	1.25897926e+00	1.21128000e+03
35.0	371.5	1.28067385e+00	1.23215264e+03
35.0	372.0	1.30298539e+00	1.25361885e+03
35.0	372.5	1.32593144e+00	1.27569555e+03
35.0	373.0	1.34952959e+00	1.29839962e+03
35.0	373.5	1.37379733e+00	1.32174793e+03
35.0	374.0	1.39875197e+00	1.34575711e+03
35.0	374.5	1.42441054e+00	1.37044354e+03
35.0	375.0	1.45078962e+00	1.39582319e+03
35.0	375.5	1.47790527e+00	1.42191150e+03
35.0	376.0	1.50577286e+00	1.44872326e+03
35.0	376.5	1.53440697e+00	1.47627251e+03
35.0	377.0	1.56382126e+00	1.50457238e+03
35.0	377.5	1.59402839e+00	1.53363504e+03
35.0	378.0	1.62503994e+00	1.56347165e+03
35.0	378.5	1.65686639e+00	1.59409228e+03
35.0	379.0	1.68951716e+00	1.62550600e+03
35.0	379.5	1.72300070e+00	1.65772094e+03
35.0	380.0	1.75732469e+00	1.69074449e+03
35.0	380.5	1.79249633e+00	1.72458358e+03
35.0	381.0	1.82852272e+00	1.75924502e+03
35.0	381.5	1.86541136e+00	1.79473605e+03
35.0	382.0	1.90317080e+00	1.83106489e+03
35.0	382.5	1.94181135e+00	1.86824146e+03
35.0	383.0	1.98134588e+00	1.90627813e+03
35.0	383.5	2.02179073e+00	1.94519064e+03
35.0	384.0	2.06316658e+00	1.98499887e+03
35.0	384.5	2.10549934e+00	2.02572776e+03
35.0	385.0	2.14882099e+00	2.06740807e+03
35.0	385.5	2.19317023e+00	2.11007704e+03
35.0	386.0	2.23859307e+00	2.15377894e+03
35.0	386.5	2.28514316e+00	2.19856537e+03
35.0	387.0	2.33288190e+00	2.24449542e+03
35.0	387.5	2.38187836e+00	2.29163554e+03
35.0	388.0	2.43220897e+00	2.34005926e+03
35.0	388.5	2.48395695e+00	2.38984665e+03
35.0	389.0	2.53721165e+00	2.44108367e+03
35.0	389.5	2.59206774e+00	2.49386142e+03
35.0	390.0	2.64862431e+00	2.54827522e+03
35.0	390.5	2.70698395e+00	2.60442377e+03
35.0	391.0	2.76725184e+00	2.66240828e+03
35.0	391.5	2.82953492e+00	2.72233162e+03
35.0	392.0	2.89394102e+00	2.78429756e+03
35.0	392.5	2.96057826e+00	2.84841009e+03
35.0	393.0	3.02955434e+00	2.91477285e+03
35.0	393.5	3.10097604e+00	2.98348859e+03
35.0	394.0	3.17494876e+00	3.05465868e+03
35.0	394.5	3.25157607e+00	3.12838279e+03
35.0	395.0	3.33095933e+00	3.20475844e+03
35.0	395.5	3.41319732e+00	3.28388066e+03
35.0	396.0	3.49838578e+00	3.36584156e+03
35.0	396.5	3.58661700e+00	3.45072995e+03
35.0	397.0	3.67797928e+00	3.53863076e+03
35.0	397.5	3.77255627e+00	3.62962449e+03
35.0	398.0	3.87042628e+00	3.72378647e+03
35.0	398.5	3.97166138e+00	3.82118605e+03
35.0	399.0	4.07632637e+00	3.92188558e+03
35.0	399.5	4.18447762e+00	4.02593928e+03
35.0	400.0	4.29616164e+00	4.13339189e+03
35.0	400.5	4.41141352e+00	4.24427720e+03
35.0	401.0	4.53025515e+00	4.35861624e+03
35.0	401.5	4.65269320e+00	4.47641545e+03
35.0	402.0	4.77871687e+00	4.59766443e+03
35.0	402.5	4.90829545e+00	4.72233364e+03
35.0	403.0	5.04137562e+00	4.85037176e+03
35.0	403.5	5.17787852e+00	4.98170294e+03
35.0	404.0	5.31769667e+00	5.11622377e+03
35.0	404.5	5.46069068e+00	5.25380013e+03
35.0	405.0	5.60668579e+00	5.39426389e+03
35.0	405.5	5.75546841e+00	5.53740954e+03
35.0	406.0	5.90678250e+00	5.68299075e+03
35.0	406.5	6.06032614e+00	5.83071705e+03
35.0	407.0	6.21574814e+00	5.98025054e+03
35.0	407.5	6.37264498e+00	6.13120299e+03
35.0	408.0	6.53055811e+00	6.28313322e+03
35.0	408.5	6.68897180e+00	6.43554506e+03
35.0	409.0	6.84731177e+00	6.58788596e+03
35.0	409.5	7.00494465e+00	6.73954656e+03
35.0	410.0	7.16117854e+00	6.88986118e+03
35.0	410.5	7.31526493e+00	7.03810966e+03
35.0	411.0	7.46640199e+00	7.18352055e+03
35.0	411.5	7.61373951e+00	7.32527586e+03
35.0	412.0	7.75638565e+00	7.46251753e+03
35.0	412.5	7.89341541e+00	7.59435561e+03
35.0	413.0	8.02388102e+00	7.71987824e+03
35.0	413.5	8.14682411e+00	7.83816335e+03
35.0	414.0	8.26128947e+00	7.94829193e+03
35.0	414.5	8.36634026e+00	8.04936264e+03
35.0	415.0	8.46107423e+00	8.14050739e+03
35.0	415.5	8.54464060e+00	8.22090767e+03
35.0	416.0	8.61625706e+00	8.28981078e+03
35.0	416.5	8.67522629e+00	8.34654582e+03
35.0	417.0	8.72095142e+00	8.39053856e+03
35.0	417.5	8.75294989e+00	8.42132469e+03
35.0	418.0	8.77086494e+00	8.43856099e+03
35.0	418.5	8.77447453e+00	8.44203382e+03
35.0	419.0	8.76369697e+00	8.43166460e+03
35.0	419.5	8.73859324e+00	8.40751198e+03
35.0	420.0	8.69936576e+00	8.36977072e+03
35.0	420.5	8.64635371e+00	8.31876714e+03
35.0	421.0	8.58002507e+00	8.25495152e+03
35.0	421.5	8.50096582e+00	8.17888761e+03
35.0	422.0	8.40986658e+00	8.09123987e+03
35.0	422.5	8.30750747e+00	7.99275886e+03
35.0	423.0	8.19474160e+00	7.88426538e+03
35.0	423.5	8.07247799e+00	7.76663400e+03
35.0	424.0	7.94166429e+00	7.64077647e+03
35.0	424.5	7.80327008e+00	7.50762564e+03
35.0	425.0	7.65827105e+00	7.36812023e+03
35.0	425.5	7.50763452e+00	7.22319090e+03
35.0	426.0	7.35230654e+00	7.07374787e+03
35.0	426.5	7.19320083e+00	6.92067023e+03
35.0	427.0	7.03118952e+00	6.76479709e+03
35.0	427.5	6.86709585e+00	6.60692047e+03
35.0	428.0	6.70168865e+00	6.44778009e+03
35.0	428.5	6.53567856e+00	6.28805967e+03
35.0	429.0	6.36971582e+00	6.12838480e+03
35.0	429.5	6.20438936e+00	5.96932211e+03
35.0	430.0	6.04022722e+00	5.81137962e+03
35.0	430.5	5.87769777e+00	5.65500797e+03
35.0	431.0	5.71721192e+00	5.50060248e+03
35.0	431.5	5.55912579e+00	5.34850580e+03
35.0	432.0	5.40374391e+00	5.19901091e+03
35.0	432.5	5.25132272e+00	5.05236455e+03
35.0	433.0	5.10207426e+00	4.90877070e+03
35.0	433.5	4.95616985e+00	4.76839420e+03
35.0	434.0	4.81374389e+00	4.63136438e+03
35.0	434.5	4.67489752e+00	4.49777851e+03
35.0	435.0	4.53970207e+00	4.36770524e+03
35.0	435.5	4.40820250e+00	4.24118783e+03
35.0	436.0	4.28042050e+00	4.11824714e+03
35.0	436.5	4.15635742e+00	3.99888447e+03
35.0	437.0	4.03599702e+00	3.88308419e+03
35.0	437.5	3.91930791e+00	3.77081611e+03
35.0	438.0	3.80624583e+00	3.66203764e+03
35.0	438.5	3.69675566e+00	3.55669576e+03
35.0	439.0	3.59077331e+00	3.45472878e+03
35.0	439.5	3.48822727e+00	3.35606794e+03
35.0	440.0	3.38904014e+00	3.26063873e+03
35.0	440.5	3.29312985e+00	3.16836222e+03
35.0	441.0	3.20041082e+00	3.07915606e+03
35.0	441.5	3.11079492e+00	2.99293546e+03
35.0	442.0	3.02419234e+00	2.90961401e+03
35.0	442.5	2.94051230e+00	2.82910437e+03
35.0	443.0	2.85966371e+00	2.75131892e+03
35.0	443.5	2.78155569e+00	2.67617019e+03
35.0	444.0	2.70609801e+00	2.60357140e+03
35.0	444.5	2.63320152e+00	2.53343676e+03
35.0	445.0	2.56277841e+00	2.46568179e+03
35.0	445.5	2.49474250e+00	2.40022357e+03
35.0	446.0	2.42900943e+00	2.33698094e+03
35.0	446.5	2.36549684e+00	2.27587467e+03
35.0	447.0	2.30412451e+00	2.21682757e+03
35.0	447.5	2.24481442e+00	2.15976457e+03
35.0	448.0	2.18749085e+00	2.10461283e+03
35.0	448.5	2.13208039e+00	2.05130173e+03
35.0	449.0	2.07851202e+00	1.99976292e+03
35.0	449.5	2.02671704e+00	1.94993031e+03
35.0	450.0	1.97662913e+00	1.90174009e+03
35.0	450.5	1.92818427e+00	1.85513067e+03
35.0	451.0	1.88132076e+00	1.81004269e+03
35.0	451.5	1.83597914e+00	1.76641894e+03
35.0	452.0	1.79210219e+00	1.72420437e+03
35.0	452.5	1.74963482e+00	1.68334597e+03
35.0	453.0	1.70852407e+00	1.64379279e+03
35.0	453.5	1.66871900e+00	1.60549582e+03
35.0	454.0	1.63017067e+00	1.56840799e+03
35.0	454.5	1.59283208e+00	1.53248405e+03
35.0	455.0	1.55665807e+00	1.49768057e+03
35.0	455.5	1.52160527e+00	1.46395583e+03
35.0	456.0	1.48763206e+00	1.43126978e+03
35.0	456.5	1.45469850e+00	1.39958397e+03
35.0	457.0	1.42276623e+00	1.36886153e+03
35.0	457.5	1.39179845e+00	1.33906704e+03
35.0	458.0	1.36175986e+00	1.31016653e+03
35.0	458.5	1.33261658e+00	1.28212740e+03
35.0	459.0	1.30433609e+00	1.25491838e+03
35.0	459.5	1.27688720e+00	1.22850946e+03
35.0	460.0	1.25023999e+00	1.20287183e+03
35.0	460.5	1.22436573e+00	1.17797788e+03
35.0	461.0	1.19923686e+00	1.15380108e+03
35.0	461.5	1.17482695e+00	1.13031599e+03
35.0	462.0	1.15111061e+00	1.10749820e+03
35.0	462.5	1.12806348e+00	1.08532426e+03
35.0	463.0	1.10566219e+00	1.06377169e+03
35.0	463.5	1.08388427e+00	1.04281888e+03
35.0	464.0	1.06270820e+00	1.02244510e+03
35.0	464.5	1.04211326e+00	1.00263045e+03
35.0	465.0	1.02207959e+00	9.83355805e+02
35.0	465.5	1.00258811e+00	9.64602799e+02
35.0	466.0	9.83620470e-01	9.46353795e+02
35.0	466.5	9.65159069e-01	9.28591846e+02
35.0	467.0	9.47186978e-01	9.11300668e+02
35.0	467.5	9.29687930e-01	8.94464611e+02
35.0	468.0	9.12646290e-01	8.78068632e+02
35.0	468.5	8.96047029e-01	8.62098271e+02
35.0	469.0	8.79875693e-01	8.46539622e+02
35.0	469.5	8.64118384e-01	8.31379314e+02
35.0	470.0	8.48761733e-01	8.16604485e+02
35.0	470.5	8.33792880e-01	8.02202761e+02
35.0	471.0	8.19199451e-01	7.88162236e+02
35.0	471.5	8.04969536e-01	7.74471454e+02
35.0	472.0	7.91091672e-01	7.61119384e+02
35.0	472.5	7.77554824e-01	7.48095410e+02
35.0	473.0	7.64348366e-01	7.35389309e+02
35.0	473.5	7.51462064e-01	7.22991233e+02
35.0	474.0	7.38886058e-01	7.10891698e+02
35.0	474.5	7.26610853e-01	6.99081566e+02
35.0	475.0	7.14627295e-01	6.87552032e+02
35.0	475.5	7.02926564e-01	6.76294610e+02
35.0	476.0	6.91500156e-01	6.65301117e+02
35.0	476.5	6.80339872e-01	6.54563666e+02
35.0	477.0	6.69437806e-01	6.44074649e+02
35.0	477.5	6.58786332e-01	6.33826730e+02
35.0	478.0	6.48378093e-01	6.23812830e+02
35.0	478.5	6.38205989e-01	6.14026119e+02
35.0	479.0	6.28263170e-01	6.04460006e+02
35.0	479.5	6.18543022e-01	5.95108128e+02
35.0	480.0	6.09039162e-01	5.85964343e+02
35.0	480.5	5.99745424e-01	5.77022719e+02
35.0	481.0	5.90655853e-01	5.68277527e+02
35.0	481.5	5.81764699e-01	5.59723235e+02
35.0	482.0	5.73066404e-01	5.51354494e+02
35.0	482.5	5.64555599e-01	5.43166140e+02
35.0	483.0	5.56227092e-01	5.35153177e+02
35.0	483.5	5.48075867e-01	5.27310780e+02
35.0	484.0	5.40097073e-01	5.19634281e+02
35.0	484.5	5.32286019e-01	5.12119166e+02
35.0	485.0	5.24638168e-01	5.04761070e+02
35.0	485.5	5.17149129e-01	4.97555771e+02
35.0	486.0	5.09814657e-01	4.90499182e+02
35.0	486.5	5.02630642e-01	4.83587349e+02
35.0	487.0	4.95593106e-01	4.76816446e+02
35.0	487.5	4.88698198e-01	4.70182767e+02
35.0	488.0	4.81942190e-01	4.63682726e+02
35.0	488.5	4.75321472e-01	4.57312849e+02
35.0	489.0	4.68832546e-01	4.51069770e+02
35.0	489.5	4.62472026e-01	4.44950232e+02
35.0	490.0	4.56236628e-01	4.38951077e+02
35.0	490.5	4.50123173e-01	4.33069244e+02
35.0	491.0	4.44128578e-01	4.27301767e+02
35.0	491.5	4.38249855e-01	4.21645773e+02
35.0	492.0	4.32484107e-01	4.16098474e+02
35.0	492.5	4.26828525e-01	4.10657166e+02
35.0	493.0	4.21280385e-01	4.05319230e+02
35.0	493.5	4.15837044e-01	4.00082122e+02
35.0	494.0	4.10495939e-01	3.94943377e+02
35.0	494.5	4.05254582e-01	3.89900600e+02
35.0	495.0	4.00110559e-01	3.84951470e+02
35.0	495.5	3.95061528e-01	3.80093733e+02
35.0	496.0	3.90105214e-01	3.75325200e+02
35.0	496.5	3.85239409e-01	3.70643747e+02
35.0	497.0	3.80461970e-01	3.66047312e+02
35.0	497.5	3.75770813e-01	3.61533890e+02
35.0	498.0	3.71163917e-01	3.57101537e+02
35.0	498.5	3.66639316e-01	3.52748361e+02
35.0	499.0	3.62195103e-01	3.48472526e+02
35.0	499.5	3.57829420e-01	3.44272248e+02
35.0	500.0	3.53540467e-01	3.40145791e+02
35.0	500.5	3.49326490e-01	3.36091470e+02
35.0	501.0	3.45185786e-01	3.32107646e+02
35.0	501.5	3.41116698e-01	3.28192725e+02
35.0	502.0	3.37117616e-01	3.24345157e+02
35.0	502.5	3.33186974e-01	3.20563436e+02
35.0	503.0	3.29323247e-01	3.16846095e+02
35.0	503.5	3.25524953e-01	3.13191708e+02
35.0	504.0	3.21790651e-01	3.09598888e+02
35.0	504.5	3.18118936e-01	3.06066284e+02
35.0	505.0	3.14508443e-01	3.02592583e+02
35.0	505.5	3.10957843e-01	2.99176505e+02
35.0	506.0	3.07465841e-01	2.95816806e+02
35.0	506.5	3.04031178e-01	2.92512273e+02
35.0	507.0	3.00652627e-01	2.89261726e+02
35.0	507.5	2.97328993e-01	2.86064015e+02
35.0	508.0	2.94059112e-01	2.82918021e+02
35.0	508.5	2.90841852e-01	2.79822654e+02
35.0	509.0	2.87676108e-01	2.76776852e+02
35.0	509.5	2.84560804e-01	2.73779578e+02
35.0	510.0	2.81494892e-01	2.70829825e+02
35.0	510.5	2.78477351e-01	2.67926610e+02
35.0	511.0	2.75507184e-01	2.65068974e+02
35.0	511.5	2.72583421e-01	2.62255985e+02
35.0	512.0	2.69705115e-01	2.59486730e+02
35.0	512.5	2.66871345e-01	2.56760323e+02
35.0	513.0	2.64081209e-01	2.54075898e+02
35.0	513.5	2.61333832e-01	2.51432612e+02
35.0	514.0	2.58628356e-01	2.48829639e+02
35.0	514.5	2.55963948e-01	2.46266178e+02
35.0	515.0	2.53339793e-01	2.43741445e+02
35.0	515.5	2.50755095e-01	2.41254674e+02
35.0	516.0	2.48209081e-01	2.38805122e+02
35.0	516.5	2.45700993e-01	2.36392058e+02
35.0	517.0	2.43230092e-01	2.34014773e+02
35.0	517.5	2.40795659e-01	2.31672573e+02
35.0	518.0	2.38396988e-01	2.29364782e+02
35.0	518.5	2.36033393e-01	2.27090737e+02
35.0	519.0	2.33704204e-01	2.24849794e+02
35.0	519.5	2.31408764e-01	2.22641322e+02
35.0	520.0	2.29146435e-01	2.20464707e+02
35.0	520.5	2.26916591e-01	2.18319345e+02
35.0	521.0	2.24718622e-01	2.16204652e+02
35.0	521.5	2.22551932e-01	2.14120051e+02
35.0	522.0	2.20415938e-01	2.12064984e+02
35.0	522.5	2.18310070e-01	2.10038902e+02
35.0	523.0	2.16233773e-01	2.08041270e+02
35.0	523.5	2.14186503e-01	2.06071566e+02
35.0	524.0	2.12167728e-01	2.04129277e+02
35.0	524.5	2.10176929e-01	2.02213904e+02
35.0	525.0	2.08213599e-01	2.00324958e+02
35.0	525.5	2.06277240e-01	1.98461962e+02
35.0	526.0	2.04367367e-01	1.96624450e+02
35.0	526.5	2.02483506e-01	1.94811963e+02
35.0	527.0	2.00625192e-01	1.93024055e+02
35.0	527.5	1.98791972e-01	1.91260291e+02
35.0	528.0	1.96983400e-01	1.89520241e+02
35.0	528.5	1.95199044e-01	1.87803489e+02
35.0	529.0	1.93438477e-01	1.86109625e+02
35.0	529.5	1.91701285e-01	1.84438250e+02
35.0	530.0	1.89987059e-01	1.82788972e+02
35.0	530.5	1.88295402e-01	1.81161407e+02
35.0	531.0	1.86625925e-01	1.79555182e+02
35.0	531.5	1.84978245e-01	1.77969928e+02
35.0	532.0	1.83351990e-01	1.76405287e+02
35.0	532.5	1.81746794e-01	1.74860908e+02
35.0	533.0	1.80162299e-01	1.73336445e+02
35.0	533.5	1.78598156e-01	1.71831563e+02
35.0	534.0	1.77054020e-01	1.70345930e+02
35.0	534.5	1.75529557e-01	1.68879224e+02
35.0	535.0	1.74024437e-01	1.67431129e+02
35.0	535.5	1.72538338e-01	1.66001335e+02
35.0	536.0	1.71070944e-01	1.64589537e+02
35.0	536.5	1.69621948e-01	1.63195438e+02
35.0	537.0	1.68191045e-01	1.61818748e+02
35.0	537.5	1.66777939e-01	1.60459181e+02
35.0	538.0	1.65382339e-01	1.59116457e+02
35.0	538.5	1.64003962e-01	1.57790303e+02
35.0	539.0	1.62642526e-01	1.56480448e+02
35.0	539.5	1.61297760e-01	1.55186632e+02
35.0	540.0	1.59969395e-01	1.53908595e+02
35.0	540.5	1.58657169e-01	1.52646085e+02
35.0	541.0	1.57360822e-01	1.51398854e+02
35.0	541.5	1.56080105e-01	1.50166659e+02
35.0	542.0	1.54814767e-01	1.48949262e+02
35.0	542.5	1.53564568e-01	1.47746429e+02
35.0	543.0	1.52329269e-01	1.46557932e+02
35.0	543.5	1.51108636e-01	1.45383546e+02
35.0	544.0	1.49902441e-01	1.44223050e+02
35.0	544.5	1.48710460e-01	1.43076230e+02
35.0	545.0	1.47532472e-01	1.41942872e+02
35.0	545.5	1.46368260e-01	1.40822770e+02
35.0	546.0	1.45217615e-01	1.39715719e+02
35.0	546.5	1.44080327e-01	1.38621519e+02
35.0	547.0	1.42956192e-01	1.37539975e+02
35.0	547.5	1.41845012e-01	1.36470894e+02
35.0	548.0	1.40746588e-01	1.35414087e+02
35.0	548.5	1.39660730e-01	1.34369369e+02
35.0	549.0	1.38587247e-01	1.33336558e+02
35.0	549.5	1.37525955e-01	1.32315475e+02
35.0	550.0	1.36476671e-01	1.31305945e+02
35.0	550.5	1.35439216e-01	1.30307797e+02
35.0	551.0	1.34413415e-01	1.29320861e+02
35.0	551.5	1.33399097e-01	1.28344972e+02
35.0	552.0	1.32396091e-01	1.27379967e+02
35.0	552.5	1.31404232e-01	1.26425687e+02
35.0	553.0	1.30423356e-01	1.25481974e+02
35.0	553.5	1.29453305e-01	1.24548675e+02
35.0	554.0	1.28493919e-01	1.23625638e+02
35.0	554.5	1.27545047e-01	1.22712715e+02
35.0	555.0	1.26606534e-01	1.21809761e+02
35.0	555.5	1.25678234e-01	1.20916631e+02
35.0	556.0	1.24759999e-01	1.20033185e+02
35.0	556.5	1.23851686e-01	1.19159286e+02
35.0	557.0	1.22953153e-01	1.18294796e+02
35.0	557.5	1.22064263e-01	1.17439583e+02
35.0	558.0	1.21184878e-01	1.16593516e+02
35.0	558.5	1.20314866e-01	1.15756466e+02
35.0	559.0	1.19454094e-01	1.14928307e+02
35.0	559.5	1.18602433e-01	1.14108913e+02
35.0	560.0	1.17759757e-01	1.13298164e+02
35.0	560.5	1.16925940e-01	1.12495938e+02
35.0	561.0	1.16100860e-01	1.11702118e+02
35.0	561.5	1.15284397e-01	1.10916588e+02
35.0	562.0	1.14476431e-01	1.10139234e+02
35.0	562.5	1.13676846e-01	1.09369943e+02
35.0	563.0	1.12885529e-01	1.08608606e+02
35.0	563.5	1.12102365e-01	1.07855115e+02
35.0	564.0	1.11327245e-01	1.07109362e+02
35.0	564.5	1.10560060e-01	1.06371243e+02
35.0	565.0	1.09800702e-01	1.05640656e+02
35.0	565.5	1.09049067e-01	1.04917498e+02
35.0	566.0	1.08305051e-01	1.04201671e+02
35.0	566.5	1.07568553e-01	1.03493076e+02
35.0	567.0	1.06839471e-01	1.02791617e+02
35.0	567.5	1.06117708e-01	1.02097200e+02
35.0	568.0	1.05403168e-01	1.01409732e+02
35.0	568.5	1.04695754e-01	1.00729120e+02
35.0	569.0	1.03995373e-01	1.00055274e+02
35.0	569.5	1.03301933e-01	9.93881067e+01
35.0	570.0	1.02615343e-01	9.87275300e+01
35.0	570.5	1.01935515e-01	9.80734582e+01
35.0	571.0	1.01262359e-01	9.74258070e+01
35.0	571.5	1.00595791e-01	9.67844931e+01
35.0	572.0	9.99357247e-02	9.61494350e+01
35.0	572.5	9.92820769e-02	9.55205521e+01
35.0	573.0	9.86347653e-02	9.48977653e+01
35.0	573.5	9.79937088e-02	9.42809967e+01
35.0	574.0	9.73588279e-02	9.36701697e+01
35.0	574.5	9.67300440e-02	9.30652087e+01
35.0	575.0	9.61072801e-02	9.24660395e+01
35.0	575.5	9.54904600e-02	9.18725891e+01
35.0	576.0	9.48795090e-02	9.12847853e+01
35.0	576.5	9.42743535e-02	9.07025575e+01
35.0	577.0	9.36749209e-02	9.01258358e+01
35.0	577.5	9.30811400e-02	8.95545516e+01
35.0	578.0	9.24929404e-02	8.89886372e+01
35.0	578.5	9.19102529e-02	8.84280262e+01
35.0	579.0	9.13330095e-02	8.78726530e+01
35.0	579.5	9.07611431e-02	8.73224530e+01
35.0	580.0	9.01945875e-02	8.67773626e+01
35.0	580.5	8.96332778e-02	8.62373194e+01
35.0	581.0	8.90771499e-02	8.57022617e+01
35.0	581.5	8.85261407e-02	8.51721287e+01
35.0	582.0	8.79801880e-02	8.46468606e+01
35.0	582.5	8.74392307e-02	8.41263987e+01
35.0	583.0	8.69032084e-02	8.36106848e+01
35.0	583.5	8.63720617e-02	8.30996619e+01
35.0	584.0	8.58457323e-02	8.25932736e+01
35.0	584.5	8.53241623e-02	8.20914645e+01
35.0	585.0	8.48072951e-02	8.15941799e+01
35.0	585.5	8.42950747e-02	8.11013661e+01
35.0	586.0	8.37874460e-02	8.06129701e+01
35.0	586.5	8.32843546e-02	8.01289395e+01
35.0	587.0	8.27857471e-02	7.96492228e+01
35.0	587.5	8.22915708e-02	7.91737695e+01
35.0	588.0	8.18017736e-02	7.87025294e+01
35.0	588.5	8.13163044e-02	7.82354532e+01
35.0	589.0	8.08351127e-02	7.77724926e+01
35.0	589.5	8.03581488e-02	7.73135995e+01
35.0	590.0	7.98853636e-02	7.68587269e+01
35.0	590.5	7.94167089e-02	7.64078282e+01
35.0	591.0	7.89521370e-02	7.59608576e+01
35.0	591.5	7.84916009e-02	7.55177701e+01
35.0	592.0	7.80350545e-02	7.50785209e+01
35.0	592.5	7.75824521e-02	7.46430664e+01
35.0	593.0	7.71337487e-02	7.42113631e+01
35.0	593.5	7.66889000e-02	7.37833685e+01
35.0	594.0	7.62478623e-02	7.33590405e+01
35.0	594.5	7.58105925e-02	7.29383376e+01
35.0	595.0	7.53770481e-02	7.25212190e+01
35.0	595.5	7.49471872e-02	7.21076443e+01
35.0	596.0	7.45209684e-02	7.16975739e+01
35.0	596.5	7.40983512e-02	7.12909685e+01
35.0	597.0	7.36792952e-02	7.08877894e+01
35.0	597.5	7.32637610e-02	7.04879985e+01
35.0	598.0	7.28517093e-02	7.00915584e+01
35.0	598.5	7.24431017e-02	6.96984318e+01
35.0	599.0	7.20379001e-02	6.93085822e+01
35.0	599.5	7.16360672e-02	6.89219736e+01
35.0	600.0	7.12375659e-02	6.85385704e+01
40.0	300.0	7.18744393e-01	9.03200842e+02
40.0	300.5	7.10778231e-01	8.93190267e+02
40.0	301.0	7.03142236e-01	8.83594593e+02
40.0	301.5	6.95824538e-01	8.74398903e+02
40.0	302.0	6.88813806e-01	8.65588957e+02
40.0	302.5	6.82099220e-01	8.57151159e+02
40.0	303.0	6.75670459e-01	8.49072540e+02
40.0	303.5	6.69517674e-01	8.41340722e+02
40.0	304.0	6.63631472e-01	8.33943903e+02
40.0	304.5	6.58002896e-01	8.26870825e+02
40.0	305.0	6.52623405e-01	8.20110757e+02
40.0	305.5	6.47484857e-01	8.13653468e+02
40.0	306.0	6.42579491e-01	8.07489204e+02
40.0	306.5	6.37899913e-01	8.01608672e+02
40.0	307.0	6.33439073e-01	7.96003015e+02
40.0	307.5	6.29190258e-01	7.90663797e+02
40.0	308.0	6.25147072e-01	7.85582979e+02
40.0	308.5	6.21303421e-01	7.80752905e+02
40.0	309.0	6.17653503e-01	7.76166284e+02
40.0	309.5	6.14191795e-01	7.71816173e+02
40.0	310.0	6.10913037e-01	7.67695963e+02
40.0	310.5	6.07812222e-01	7.63799365e+02
40.0	311.0	6.04884588e-01	7.60120392e+02
40.0	311.5	6.02125604e-01	7.56653349e+02
40.0	312.0	5.99530958e-01	7.53392821e+02
40.0	312.5	5.97096554e-01	7.50333659e+02
40.0	313.0	5.94818497e-01	7.47470969e+02
40.0	313.5	5.92693088e-01	7.44800100e+02
40.0	314.0	5.90716812e-01	7.42316638e+02
40.0	314.5	5.88886335e-01	7.40016393e+02
40.0	315.0	5.87198493e-01	7.37895388e+02
40.0	315.5	5.85650287e-01	7.35949856e+02
40.0	316.0	5.84238877e-01	7.34176225e+02
40.0	316.5	5.82961572e-01	7.32571116e+02
40.0	317.0	5.81815828e-01	7.31131333e+02
40.0	317.5	5.80799243e-01	7.29853855e+02
40.0	318.0	5.79909549e-01	7.28735831e+02
40.0	318.5	5.79144605e-01	7.27774575e+02
40.0	319.0	5.78502401e-01	7.26967557e+02
40.0	319.5	5.77981043e-01	7.26312399e+02
40.0	320.0	5.77578757e-01	7.25806872e+02
40.0	320.5	5.77293881e-01	7.25448886e+02
40.0	321.0	5.77124862e-01	7.25236490e+02
40.0	321.5	5.77070253e-01	7.25167867e+02
40.0	322.0	5.77128710e-01	7.25241327e+02
40.0	322.5	5.77298989e-01	7.25455305e+02
40.0	323.0	5.77579941e-01	7.25808360e+02
40.0	323.5	5.77970513e-01	7.26299167e+02
40.0	324.0	5.78469742e-01	7.26926517e+02
40.0	324.5	5.79076755e-01	7.27689312e+02
40.0	325.0	5.79790767e-01	7.28586566e+02
40.0	325.5	5.80611077e-01	7.29617397e+02
40.0	326.0	5.81537066e-01	7.30781030e+02
40.0	326.5	5.82568200e-01	7.32076792e+02
40.0	327.0	5.83704023e-01	7.33504108e+02
40.0	327.5	5.84944156e-01	7.35062506e+02
40.0	328.0	5.86288301e-01	7.36751608e+02
40.0	328.5	5.87736234e-01	7.38571133e+02
40.0	329.0	5.89287805e-01	7.40520895e+02
40.0	329.5	5.90942940e-01	7.42600800e+02
40.0	330.0	5.92701639e-01	7.44810845e+02
40.0	330.5	5.94563972e-01	7.47151123e+02
40.0	331.0	5.96530085e-01	7.49621813e+02
40.0	331.5	5.98600192e-01	7.52223186e+02
40.0	332.0	6.00774580e-01	7.54955602e+02
40.0	332.5	6.03053607e-01	7.57819513e+02
40.0	333.0	6.05437703e-01	7.60815456e+02
40.0	333.5	6.07927367e-01	7.63944060e+02
40.0	334.0	6.10523170e-01	7.67206042e+02
40.0	334.5	6.13225754e-01	7.70602210e+02
40.0	335.0	6.16035834e-01	7.74133460e+02
40.0	335.5	6.18954194e-01	7.77800780e+02
40.0	336.0	6.21981693e-01	7.81605247e+02
40.0	336.5	6.25119262e-01	7.85548032e+02
40.0	337.0	6.28367904e-01	7.89630397e+02
40.0	337.5	6.31728700e-01	7.93853698e+02
40.0	338.0	6.35202804e-01	7.98219385e+02
40.0	338.5	6.38791447e-01	8.02729007e+02
40.0	339.0	6.42495937e-01	8.07384206e+02
40.0	339.5	6.46317662e-01	8.12186728e+02
40.0	340.0	6.50258090e-01	8.17138415e+02
40.0	340.5	6.54318769e-01	8.22241216e+02
40.0	341.0	6.58501334e-01	8.27497181e+02
40.0	341.5	6.62807501e-01	8.32908470e+02
40.0	342.0	6.67239075e-01	8.38477350e+02
40.0	342.5	6.71797950e-01	8.44206202e+02
40.0	343.0	6.76486111e-01	8.50097519e+02
40.0	343.5	6.81305636e-01	8.56153913e+02
40.0	344.0	6.86258699e-01	8.62378115e+02
40.0	344.5	6.91347573e-01	8.68772982e+02
40.0	345.0	6.96574630e-01	8.75341496e+02
40.0	345.5	7.01942348e-01	8.82086769e+02
40.0	346.0	7.07453311e-01	8.89012050e+02
40.0	346.5	7.13110215e-01	8.96120725e+02
40.0	347.0	7.18915867e-01	9.03416322e+02
40.0	347.5	7.24873193e-01	9.10902519e+02
40.0	348.0	7.30985240e-01	9.18583144e+02
40.0	348.5	7.37255180e-01	9.26462182e+02
40.0	349.0	7.43686313e-01	9.34543783e+02
40.0	349.5	7.50282075e-01	9.42832262e+02
40.0	350.0	7.57046038e-01	9.51332109e+02
40.0	350.5	7.63981919e-01	9.60047994e+02
40.0	351.0	7.71093583e-01	9.68984774e+02
40.0	351.5	7.78385047e-01	9.78147498e+02
40.0	352.0	7.85860489e-01	9.87541415e+02
40.0	352.5	7.93524251e-01	9.97171983e+02
40.0	353.0	8.01380848e-01	1.00704487e+03
40.0	353.5	8.09434971e-01	1.01716598e+03
40.0	354.0	8.17691497e-01	1.02754144e+03
40.0	354.5	8.26155492e-01	1.03817761e+03
40.0	355.0	8.34832222e-01	1.04908111e+03
40.0	355.5	8.43727161e-01	1.06025882e+03
40.0	356.0	8.52845994e-01	1.07171788e+03
40.0	356.5	8.62194630e-01	1.08346573e+03
40.0	357.0	8.71779208e-01	1.09551006e+03
40.0	357.5	8.81606105e-01	1.10785891e+03
40.0	358.0	8.91681949e-01	1.12052058e+03
40.0	358.5	9.02013623e-01	1.13350375e+03
40.0	359.0	9.12608275e-01	1.14681738e+03
40.0	359.5	9.23473333e-01	1.16047082e+03
40.0	360.0	9.34616507e-01	1.17447374e+03
40.0	360.5	9.46045802e-01	1.18883622e+03
40.0	361.0	9.57769529e-01	1.20356869e+03
40.0	361.5	9.69796310e-01	1.21868199e+03
40.0	362.0	9.82135093e-01	1.23418736e+03
40.0	362.5	9.94795154e-01	1.25009646e+03
40.0	363.0	1.00778611e+00	1.26642137e+03
40.0	363.5	1.02111792e+00	1.28317462e+03
40.0	364.0	1.03480091e+00	1.30036917e+03
40.0	364.5	1.04884574e+00	1.31801842e+03
40.0	365.0	1.06326345e+00	1.33613625e+03
40.0	365.5	1.07806543e+00	1.35473698e+03
40.0	366.0	1.09326345e+00	1.37383537e+03
40.0	366.5	1.10886961e+00	1.39344665e+03
40.0	367.0	1.12489639e+00	1.41358649e+03
40.0	367.5	1.14135658e+00	1.43427098e+03
40.0	368.0	1.15826331e+00	1.45551661e+03
40.0	368.5	1.17563001e+00	1.47734024e+03
40.0	369.0	1.19347037e+00	1.49975910e+03
40.0	369.5	1.21179833e+00	1.52279070e+03
40.0	370.0	1.23062802e+00	1.54645278e+03
40.0	370.5	1.24997370e+00	1.57076328e+03
40.0	371.0	1.26984972e+00	1.59574022e+03
40.0	371.5	1.29027041e+00	1.62140161e+03
40.0	372.0	1.31125002e+00	1.64776537e+03
40.0	372.5	1.33280260e+00	1.67484914e+03
40.0	373.0	1.35494188e+00	1.70267018e+03
40.0	373.5	1.37768114e+00	1.73124518e+03
40.0	374.0	1.40103305e+00	1.76059006e+03
40.0	374.5	1.42500950e+00	1.79071975e+03
40.0	375.0	1.44962140e+00	1.82164797e+03
40.0	375.5	1.47487849e+00	1.85338698e+03
40.0	376.0	1.50078914e+00	1.88594725e+03
40.0	376.5	1.52736007e+00	1.91933727e+03
40.0	377.0	1.55459618e+00	1.95356318e+03
40.0	377.5	1.58250031e+00	1.98862854e+03
40.0	378.0	1.61107302e+00	2.02453406e+03
40.0	378.5	1.64031245e+00	2.06127742e+03
40.0	379.0	1.67021421e+00	2.09885308e+03
40.0	379.5	1.70077131e+00	2.13725226e+03
40.0	380.0	1.73197421e+00	2.17646298e+03
40.0	380.5	1.76381099e+00	2.21647026e+03
40.0	381.0	1.79626765e+00	2.25725650e+03
40.0	381.5	1.82932855e+00	2.29880205e+03
40.0	382.0	1.86297703e+00	2.34108598e+03
40.0	382.5	1.89719619e+00	2.38408705e+03
40.0	383.0	1.93196989e+00	2.42778496e+03
40.0	383.5	1.96728379e+00	2.47216172e+03
40.0	384.0	2.00312664e+00	2.51720317e+03
40.0	384.5	2.03949153e+00	2.56290064e+03
40.0	385.0	2.07637719e+00	2.60925253e+03
40.0	385.5	2.11378926e+00	2.65626593e+03
40.0	386.0	2.15174139e+00	2.70395797e+03
40.0	386.5	2.19025611e+00	2.75235700e+03
40.0	387.0	2.22936552e+00	2.80150334e+03
40.0	387.5	2.26911160e+00	2.85144974e+03
40.0	388.0	2.30954620e+00	2.90226136e+03
40.0	388.5	2.35073070e+00	2.95401532e+03
40.0	389.0	2.39273534e+00	3.00679990e+03
40.0	389.5	2.43563829e+00	3.06071335e+03
40.0	390.0	2.47952455e+00	3.11586244e+03
40.0	390.5	2.52448460e+00	3.17236091e+03
40.0	391.0	2.57061310e+00	3.23032770e+03
40.0	391.5	2.61800756e+00	3.28988532e+03
40.0	392.0	2.66676701e+00	3.35115826e+03
40.0	392.5	2.71699092e+00	3.41427149e+03
40.0	393.0	2.76877813e+00	3.47934922e+03
40.0	393.5	2.82222604e+00	3.54651383e+03
40.0	394.0	2.87742990e+00	3.61588506e+03
40.0	394.5	2.93448237e+00	3.68757931e+03
40.0	395.0	2.99347307e+00	3.76170921e+03
40.0	395.5	3.05448839e+00	3.83838331e+03
40.0	396.0	3.11761128e+00	3.91770588e+03
40.0	396.5	3.18292123e+00	3.99977678e+03
40.0	397.0	3.25049416e+00	4.08469143e+03
40.0	397.5	3.32040239e+00	4.17254070e+03
40.0	398.0	3.39271459e+00	4.26341090e+03
40.0	398.5	3.46749570e+00	4.35738360e+03
40.0	399.0	3.54480674e+00	4.45453553e+03
40.0	399.5	3.62470468e+00	4.55493823e+03
40.0	400.0	3.70724204e+00	4.65865775e+03
40.0	400.5	3.79246663e+00	4.76575412e+03
40.0	401.0	3.88042096e+00	4.87628079e+03
40.0	401.5	3.97114173e+00	4.99028387e+03
40.0	402.0	4.06465907e+00	5.10780122e+03
40.0	402.5	4.16099574e+00	5.22886146e+03
40.0	403.0	4.26016620e+00	5.35348273e+03
40.0	403.5	4.36217550e+00	5.48167140e+03
40.0	404.0	4.46701810e+00	5.61342050e+03
40.0	404.5	4.57467654e+00	5.74870808e+03
40.0	405.0	4.68511998e+00	5.88749540e+03
40.0	405.5	4.79830260e+00	6.02972488e+03
40.0	406.0	4.91416193e+00	6.17531801e+03
40.0	406.5	5.03261704e+00	6.32417309e+03
40.0	407.0	5.15356662e+00	6.47616281e+03
40.0	407.5	5.27688701e+00	6.63113178e+03
40.0	408.0	5.40243019e+00	6.78889400e+03
40.0	408.5	5.53002173e+00	6.94923026e+03
40.0	409.0	5.65945874e+00	7.11188560e+03
40.0	409.5	5.79050792e+00	7.27656686e+03
40.0	410.0	5.92290369e+00	7.44294029e+03
40.0	410.5	6.05634650e+00	7.61062947e+03
40.0	411.0	6.19050138e+00	7.77921346e+03
40.0	411.5	6.32499683e+00	7.94822543e+03
40.0	412.0	6.45942407e+00	8.11715168e+03
40.0	412.5	6.59333680e+00	8.28543139e+03
40.0	413.0	6.72625155e+00	8.45245698e+03
40.0	413.5	6.85764864e+00	8.61757543e+03
40.0	414.0	6.98697398e+00	8.78009045e+03
40.0	414.5	7.11364165e+00	8.93926574e+03
40.0	415.0	7.23703737e+00	9.09432938e+03
40.0	415.5	7.35652294e+00	9.24447937e+03
40.0	416.0	7.47144163e+00	9.38889045e+03
40.0	416.5	7.58112457e+00	9.52672210e+03
40.0	417.0	7.68489798e+00	9.65712762e+03
40.0	417.5	7.78209134e+00	9.77926439e+03
40.0	418.0	7.87204615e+00	9.89230494e+03
40.0	418.5	7.95412537e+00	9.99544874e+03
40.0	419.0	8.02772313e+00	1.00879344e+04
40.0	419.5	8.09227452e+00	1.01690521e+04
40.0	420.0	8.14726532e+00	1.02381555e+04
40.0	420.5	8.19224120e+00	1.02946739e+04
40.0	421.0	8.22681623e+00	1.03381222e+04
40.0	421.5	8.25068034e+00	1.03681107e+04
40.0	422.0	8.26360549e+00	1.03843529e+04
40.0	422.5	8.26545043e+00	1.03866713e+04
40.0	423.0	8.25616363e+00	1.03750012e+04
40.0	423.5	8.23578456e+00	1.03493921e+04
40.0	424.0	8.20444303e+00	1.03100072e+04
40.0	424.5	8.16235670e+00	1.02571199e+04
40.0	425.0	8.10982696e+00	1.01911091e+04
40.0	425.5	8.04723309e+00	1.01124513e+04
40.0	426.0	7.97502515e+00	1.00217122e+04
40.0	426.5	7.89371564e+00	9.91953563e+03
40.0	427.0	7.80387042e+00	9.80663280e+03
40.0	427.5	7.70609898e+00	9.68376958e+03
40.0	428.0	7.60104447e+00	9.55175419e+03
40.0	428.5	7.48937379e+00	9.41142467e+03
40.0	429.0	7.37176787e+00	9.26363672e+03
40.0	429.5	7.24891253e+00	9.10925213e+03
40.0	430.0	7.12148989e+00	8.94912813e+03
40.0	430.5	6.99017079e+00	8.78410768e+03
40.0	431.0	6.85560791e+00	8.61501098e+03
40.0	431.5	6.71843002e+00	8.44262816e+03
40.0	432.0	6.57923716e+00	8.26771326e+03
40.0	432.5	6.43859684e+00	8.09097941e+03
40.0	433.0	6.29704110e+00	7.91309523e+03
40.0	433.5	6.15506458e+00	7.73468227e+03
40.0	434.0	6.01312329e+00	7.55631358e+03
40.0	434.5	5.87163413e+00	7.37851306e+03
40.0	435.0	5.73097505e+00	7.20175564e+03
40.0	435.5	5.59148573e+00	7.02646819e+03
40.0	436.0	5.45346870e+00	6.85303088e+03
40.0	436.5	5.31719081e+00	6.68177903e+03
40.0	437.0	5.18288496e+00	6.51300533e+03
40.0	437.5	5.05075206e+00	6.34696223e+03
40.0	438.0	4.92096307e+00	6.18386458e+03
40.0	438.5	4.79366118e+00	6.02389230e+03
40.0	439.0	4.66896395e+00	5.86719314e+03
40.0	439.5	4.54696550e+00	5.71388537e+03
40.0	440.0	4.42773861e+00	5.56406044e+03
40.0	440.5	4.31133678e+00	5.41778558e+03
40.0	441.0	4.19779618e+00	5.27510626e+03
40.0	441.5	4.08713752e+00	5.13604848e+03
40.0	442.0	3.97936778e+00	5.00062104e+03
40.0	442.5	3.87448188e+00	4.86881752e+03
40.0	443.0	3.77246412e+00	4.74061823e+03
40.0	443.5	3.67328966e+00	4.61599192e+03
40.0	444.0	3.57692569e+00	4.49489739e+03
40.0	444.5	3.48333270e+00	4.37728496e+03
40.0	445.0	3.39246543e+00	4.26309779e+03
40.0	445.5	3.30427389e+00	4.15227303e+03
40.0	446.0	3.21870417e+00	4.04474295e+03
40.0	446.5	3.13569923e+00	3.94043586e+03
40.0	447.0	3.05519953e+00	3.83927696e+03
40.0	447.5	2.97714369e+00	3.74118910e+03
40.0	448.0	2.90146896e+00	3.64609343e+03
40.0	448.5	2.82811173e+00	3.55391002e+03
40.0	449.0	2.75700790e+00	3.46455831e+03
40.0	449.5	2.68809325e+00	3.37795761e+03
40.0	450.0	2.62130374e+00	3.29402743e+03
40.0	450.5	2.55657575e+00	3.21268784e+03
40.0	451.0	2.49384634e+00	3.13385974e+03
40.0	451.5	2.43305341e+00	3.05746509e+03
40.0	452.0	2.37413585e+00	2.98342710e+03
40.0	452.5	2.31703369e+00	2.91167041e+03
40.0	453.0	2.26168820e+00	2.84212121e+03
40.0	453.5	2.20804197e+00	2.77470737e+03
40.0	454.0	2.15603896e+00	2.70935846e+03
40.0	454.5	2.10562458e+00	2.64600589e+03
40.0	455.0	2.05674572e+00	2.58458290e+03
40.0	455.5	2.00935075e+00	2.52502462e+03
40.0	456.0	1.96338953e+00	2.46726805e+03
40.0	456.5	1.91881347e+00	2.41125212e+03
40.0	457.0	1.87557546e+00	2.35691763e+03
40.0	457.5	1.83362988e+00	2.30420726e+03
40.0	458.0	1.79293260e+00	2.25306555e+03
40.0	458.5	1.75344095e+00	2.20343888e+03
40.0	459.0	1.71511368e+00	2.15527541e+03
40.0	459.5	1.67791095e+00	2.10852509e+03
40.0	460.0	1.64179430e+00	2.06313956e+03
40.0	460.5	1.60672659e+00	2.01907219e+03
40.0	461.0	1.57267202e+00	1.97627794e+03
40.0	461.5	1.53959602e+00	1.93471342e+03
40.0	462.0	1.50746529e+00	1.89433675e+03
40.0	462.5	1.47624771e+00	1.85510758e+03
40.0	463.0	1.44591231e+00	1.81698700e+03
40.0	463.5	1.41642928e+00	1.77993753e+03
40.0	464.0	1.38776986e+00	1.74392304e+03
40.0	464.5	1.35990637e+00	1.70890874e+03
40.0	465.0	1.33281212e+00	1.67486111e+03
40.0	465.5	1.30646142e+00	1.64174784e+03
40.0	466.0	1.28082952e+00	1.60953784e+03
40.0	466.5	1.25589257e+00	1.57820115e+03
40.0	467.0	1.23162761e+00	1.54770891e+03
40.0	467.5	1.20801254e+00	1.51803332e+03
40.0	468.0	1.18502603e+00	1.48914763e+03
40.0	468.5	1.16264759e+00	1.46102605e+03
40.0	469.0	1.14085744e+00	1.43364375e+03
40.0	469.5	1.11963656e+00	1.40697680e+03
40.0	470.0	1.09896660e+00	1.38100216e+03
40.0	470.5	1.07882989e+00	1.35569763e+03
40.0	471.0	1.05920943e+00	1.33104182e+03
40.0	471.5	1.04008880e+00	1.30701414e+03
40.0	472.0	1.02145222e+00	1.28359471e+03
40.0	472.5	1.00328444e+00	1.26076441e+03
40.0	473.0	9.85570798e-01	1.23850479e+03
40.0	473.5	9.68297144e-01	1.21679808e+03
40.0	474.0	9.51449842e-01	1.19562713e+03
40.0	474.5	9.35015745e-01	1.17497544e+03
40.0	475.0	9.18982174e-01	1.15482706e+03
40.0	475.5	9.03336907e-01	1.13516664e+03
40.0	476.0	8.88068152e-01	1.11597935e+03
40.0	476.5	8.73164536e-01	1.09725092e+03
40.0	477.0	8.58615088e-01	1.07896754e+03
40.0	477.5	8.44409222e-01	1.06111592e+03
40.0	478.0	8.30536723e-01	1.04368323e+03
40.0	478.5	8.16987731e-01	1.02665706e+03
40.0	479.0	8.03752731e-01	1.01002547e+03
40.0	479.5	7.90822534e-01	9.93776906e+02
40.0	480.0	7.78188271e-01	9.77900222e+02
40.0	480.5	7.65841375e-01	9.62384655e+02
40.0	481.0	7.53773571e-01	9.47219806e+02
40.0	481.5	7.41976869e-01	9.32395632e+02
40.0	482.0	7.30443546e-01	9.17902431e+02
40.0	482.5	7.19166142e-01	9.03730827e+02
40.0	483.0	7.08137445e-01	8.89871758e+02
40.0	483.5	6.97350487e-01	8.76316466e+02
40.0	484.0	6.86798529e-01	8.63056485e+02
40.0	484.5	6.76475058e-01	8.50083629e+02
40.0	485.0	6.66373773e-01	8.37389980e+02
40.0	485.5	6.56488582e-01	8.24967883e+02
40.0	486.0	6.46813592e-01	8.12809931e+02
40.0	486.5	6.37343099e-01	8.00908959e+02
40.0	487.0	6.28071587e-01	7.89258034e+02
40.0	487.5	6.18993717e-01	7.77850445e+02
40.0	488.0	6.10104319e-01	7.66679698e+02
40.0	488.5	6.01398390e-01	7.55739506e+02
40.0	489.0	5.92871087e-01	7.45023780e+02
40.0	489.5	5.84517717e-01	7.34526626e+02
40.0	490.0	5.76333737e-01	7.24242333e+02
40.0	490.5	5.68314746e-01	7.14165372e+02
40.0	491.0	5.60456480e-01	7.04290384e+02
40.0	491.5	5.52754807e-01	6.94612176e+02
40.0	492.0	5.45205723e-01	6.85125718e+02
40.0	492.5	5.37805347e-01	6.75826131e+02
40.0	493.0	5.30549917e-01	6.66708688e+02
40.0	493.5	5.23435784e-01	6.57768806e+02
40.0	494.0	5.16459412e-01	6.49002038e+02
40.0	494.5	5.09617371e-01	6.40404075e+02
40.0	495.0	5.02906331e-01	6.31970734e+02
40.0	495.5	4.96323065e-01	6.23697958e+02
40.0	496.0	4.89864441e-01	6.15581812e+02
40.0	496.5	4.83527420e-01	6.07618476e+02
40.0	497.0	4.77309050e-01	5.99804242e+02
40.0	497.5	4.71206468e-01	5.92135511e+02
40.0	498.0	4.65216894e-01	5.84608791e+02
40.0	498.5	4.59337629e-01	5.77220689e+02
40.0	499.0	4.53566052e-01	5.69967910e+02
40.0	499.5	4.47899615e-01	5.62847256e+02
40.0	500.0	4.42335846e-01	5.55855617e+02
40.0	500.5	4.36872342e-01	5.48989976e+02
40.0	501.0	4.31506768e-01	5.42247397e+02
40.0	501.5	4.26236855e-01	5.35625029e+02
40.0	502.0	4.21060399e-01	5.29120103e+02
40.0	502.5	4.15975256e-01	5.22729924e+02
40.0	503.0	4.10979342e-01	5.16451873e+02
40.0	503.5	4.06070631e-01	5.10283404e+02
40.0	504.0	4.01247152e-01	5.04222042e+02
40.0	504.5	3.96506990e-01	4.98265379e+02
40.0	505.0	3.91848280e-01	4.92411071e+02
40.0	505.5	3.87269210e-01	4.86656841e+02
40.0	506.0	3.82768014e-01	4.81000472e+02
40.0	506.5	3.78342977e-01	4.75439806e+02
40.0	507.0	3.73992427e-01	4.69972744e+02
40.0	507.5	3.69714739e-01	4.64597243e+02
40.0	508.0	3.65508329e-01	4.59311313e+02
40.0	508.5	3.61371657e-01	4.54113018e+02
40.0	509.0	3.57303223e-01	4.49000472e+02
40.0	509.5	3.53301564e-01	4.43971839e+02
40.0	510.0	3.49365257e-01	4.39025330e+02
40.0	510.5	3.45492918e-01	4.34159205e+02
40.0	511.0	3.41683195e-01	4.29371766e+02
40.0	511.5	3.37934773e-01	4.24661360e+02
40.0	512.0	3.34246369e-01	4.20026375e+02
40.0	512.5	3.30616736e-01	4.15465243e+02
40.0	513.0	3.27044655e-01	4.10976434e+02
40.0	513.5	3.23528939e-01	4.06558455e+02
40.0	514.0	3.20068432e-01	4.02209854e+02
40.0	514.5	3.16662007e-01	3.97929213e+02
40.0	515.0	3.13308562e-01	3.93715151e+02
40.0	515.5	3.10007026e-01	3.89566318e+02
40.0	516.0	3.06756353e-01	3.85481402e+02
40.0	516.5	3.03555523e-01	3.81459120e+02
40.0	517.0	3.00403540e-01	3.77498222e+02
40.0	517.5	2.97299434e-01	3.73597488e+02
40.0	518.0	2.94242258e-01	3.69755726e+02
40.0	518.5	2.91231086e-01	3.65971776e+02
40.0	519.0	2.88265017e-01	3.62244504e+02
40.0	519.5	2.85343171e-01	3.58572804e+02
40.0	520.0	2.82464688e-01	3.54955595e+02
40.0	520.5	2.79628728e-01	3.51391823e+02
40.0	521.0	2.76834473e-01	3.47880459e+02
40.0	521.5	2.74081124e-01	3.44420498e+02
40.0	522.0	2.71367898e-01	3.41010957e+02
40.0	522.5	2.68694033e-01	3.37650879e+02
40.0	523.0	2.66058784e-01	3.34339328e+02
40.0	523.5	2.63461423e-01	3.31075388e+02
40.0	524.0	2.60901239e-01	3.27858166e+02
40.0	524.5	2.58377538e-01	3.24686790e+02
40.0	525.0	2.55889641e-01	3.21560406e+02
40.0	525.5	2.53436884e-01	3.18478181e+02
40.0	526.0	2.51018620e-01	3.15439301e+02
40.0	526.5	2.48634214e-01	3.12442969e+02
40.0	527.0	2.46283049e-01	3.09488406e+02
40.0	527.5	2.43964517e-01	3.06574853e+02
40.0	528.0	2.41678027e-01	3.03701566e+02
40.0	528.5	2.39423002e-01	3.00867817e+02
40.0	529.0	2.37198873e-01	2.98072895e+02
40.0	529.5	2.35005090e-01	2.95316105e+02
40.0	530.0	2.32841109e-01	2.92596767e+02
40.0	530.5	2.30706402e-01	2.89914215e+02
40.0	531.0	2.28600451e-01	2.87267799e+02
40.0	531.5	2.26522749e-01	2.84656882e+02
40.0	532.0	2.24472801e-01	2.82080841e+02
40.0	532.5	2.22450121e-01	2.79539067e+02
40.0	533.0	2.20454236e-01	2.77030963e+02
40.0	533.5	2.18484680e-01	2.74555946e+02
40.0	534.0	2.16540999e-01	2.72113445e+02
40.0	534.5	2.14622749e-01	2.69702900e+02
40.0	535.0	2.12729493e-01	2.67323765e+02
40.0	535.5	2.10860806e-01	2.64975503e+02
40.0	536.0	2.09016270e-01	2.62657591e+02
40.0	536.5	2.07195476e-01	2.60369514e+02
40.0	537.0	2.05398024e-01	2.58110769e+02
40.0	537.5	2.03623523e-01	2.55880865e+02
40.0	538.0	2.01871588e-01	2.53679319e+02
40.0	538.5	2.00141843e-01	2.51505658e+02
40.0	539.0	1.98433921e-01	2.49359420e+02
40.0	539.5	1.96747461e-01	2.47240151e+02
40.0	540.0	1.95082109e-01	2.45147408e+02
40.0	540.5	1.93437519e-01	2.43080755e+02
40.0	541.0	1.91813352e-01	2.41039767e+02
40.0	541.5	1.90209275e-01	2.39024025e+02
40.0	542.0	1.88624964e-01	2.37033120e+02
40.0	542.5	1.87060097e-01	2.35066651e+02
40.0	543.0	1.85514364e-01	2.33124225e+02
40.0	543.5	1.83987456e-01	2.31205456e+02
40.0	544.0	1.82479073e-01	2.29309966e+02
40.0	544.5	1.80988921e-01	2.27437386e+02
40.0	545.0	1.79516711e-01	2.25587352e+02
40.0	545.5	1.78062158e-01	2.23759507e+02
40.0	546.0	1.76624986e-01	2.21953504e+02
40.0	546.5	1.75204922e-01	2.20168999e+02
40.0	547.0	1.73801699e-01	2.18405656e+02
40.0	547.5	1.72415054e-01	2.16663147e+02
40.0	548.0	1.71044732e-01	2.14941149e+02
40.0	548.5	1.69690478e-01	2.13239344e+02
40.0	549.0	1.68352047e-01	2.11557422e+02
40.0	549.5	1.67029196e-01	2.09895078e+02
40.0	550.0	1.65721686e-01	2.08252013e+02
40.0	550.5	1.64429285e-01	2.06627933e+02
40.0	551.0	1.63151762e-01	2.05022551e+02
40.0	551.5	1.61888894e-01	2.03435584e+02
40.0	552.0	1.60640458e-01	2.01866753e+02
40.0	552.5	1.59406240e-01	2.00315789e+02
40.0	553.0	1.58186025e-01	1.98782422e+02
40.0	553.5	1.56979606e-01	1.97266391e+02
40.0	554.0	1.55786778e-01	1.95767438e+02
40.0	554.5	1.54607339e-01	1.94285312e+02
40.0	555.0	1.53441092e-01	1.92819763e+02
40.0	555.5	1.52287843e-01	1.91370548e+02
40.0	556.0	1.51147403e-01	1.89937428e+02
40.0	556.5	1.50019583e-01	1.88520168e+02
40.0	557.0	1.48904201e-01	1.87118537e+02
40.0	557.5	1.47801076e-01	1.85732310e+02
40.0	558.0	1.46710032e-01	1.84361263e+02
40.0	558.5	1.45630894e-01	1.83005178e+02
40.0	559.0	1.44563491e-01	1.81663841e+02
40.0	559.5	1.43507657e-01	1.80337040e+02
40.0	560.0	1.42463226e-01	1.79024569e+02
40.0	560.5	1.41430036e-01	1.77726224e+02
40.0	561.0	1.40407928e-01	1.76441806e+02
40.0	561.5	1.39396746e-01	1.75171117e+02
40.0	562.0	1.38396336e-01	1.73913966e+02
40.0	562.5	1.37406548e-01	1.72670161e+02
40.0	563.0	1.36427234e-01	1.71439518e+02
40.0	563.5	1.35458246e-01	1.70221853e+02
40.0	564.0	1.34499443e-01	1.69016985e+02
40.0	564.5	1.33550684e-01	1.67824739e+02
40.0	565.0	1.32611830e-01	1.66644940e+02
40.0	565.5	1.31682744e-01	1.65477417e+02
40.0	566.0	1.30763294e-01	1.64322002e+02
40.0	566.5	1.29853349e-01	1.63178530e+02
40.0	567.0	1.28952777e-01	1.62046839e+02
40.0	567.5	1.28061454e-01	1.60926769e+02
40.0	568.0	1.27179253e-01	1.59818163e+02
40.0	568.5	1.26306052e-01	1.58720866e+02
40.0	569.0	1.25441730e-01	1.57634728e+02
40.0	569.5	1.24586169e-01	1.56559597e+02
40.0	570.0	1.23739251e-01	1.55495329e+02
40.0	570.5	1.22900861e-01	1.54441777e+02
40.0	571.0	1.22070887e-01	1.53398801e+02
40.0	571.5	1.21249218e-01	1.52366260e+02
40.0	572.0	1.20435743e-01	1.51344018e+02
40.0	572.5	1.19630355e-01	1.50331938e+02
40.0	573.0	1.18832950e-01	1.49329889e+02
40.0	573.5	1.18043421e-01	1.48337738e+02
40.0	574.0	1.17261668e-01	1.47355358e+02
40.0	574.5	1.16487589e-01	1.46382621e+02
40.0	575.0	1.15721084e-01	1.45419403e+02
40.0	575.5	1.14962058e-01	1.44465582e+02
40.0	576.0	1.14210412e-01	1.43521037e+02
40.0	576.5	1.13466054e-01	1.42585648e+02
40.0	577.0	1.12728889e-01	1.41659299e+02
40.0	577.5	1.11998826e-01	1.40741876e+02
40.0	578.0	1.11275776e-01	1.39833264e+02
40.0	578.5	1.10559649e-01	1.38933353e+02
40.0	579.0	1.09850358e-01	1.38042032e+02
40.0	579.5	1.09147818e-01	1.37159193e+02
40.0	580.0	1.08451943e-01	1.36284731e+02
40.0	580.5	1.07762650e-01	1.35418540e+02
40.0	581.0	1.07079858e-01	1.34560518e+02
40.0	581.5	1.06403485e-01	1.33710563e+02
40.0	582.0	1.05733452e-01	1.32868575e+02
40.0	582.5	1.05069681e-01	1.32034455e+02
40.0	583.0	1.04412095e-01	1.31208108e+02
40.0	583.5	1.03760617e-01	1.30389437e+02
40.0	584.0	1.03115173e-01	1.29578348e+02
40.0	584.5	1.02475690e-01	1.28774750e+02
40.0	585.0	1.01842094e-01	1.27978550e+02
40.0	585.5	1.01214315e-01	1.27189659e+02
40.0	586.0	1.00592281e-01	1.26407989e+02
40.0	586.5	9.99759246e-02	1.25633452e+02
40.0	587.0	9.93651763e-02	1.24865963e+02
40.0	587.5	9.87599692e-02	1.24105438e+02
40.0	588.0	9.81602370e-02	1.23351792e+02
40.0	588.5	9.75659144e-02	1.22604944e+02
40.0	589.0	9.69769372e-02	1.21864813e+02
40.0	589.5	9.63932418e-02	1.21131320e+02
40.0	590.0	9.58147660e-02	1.20404386e+02
40.0	590.5	9.52414482e-02	1.19683934e+02
40.0	591.0	9.46732277e-02	1.18969887e+02
40.0	591.5	9.41100449e-02	1.18262170e+02
40.0	592.0	9.35518407e-02	1.17560710e+02
40.0	592.5	9.29985573e-02	1.16865434e+02
40.0	593.0	9.24501374e-02	1.16176269e+02
40.0	593.5	9.19065247e-02	1.15493145e+02
40.0	594.0	9.13676635e-02	1.14815992e+02
40.0	594.5	9.08334992e-02	1.14144742e+02
40.0	595.0	9.03039778e-02	1.13479325e+02
40.0	595.5	8.97790460e-02	1.12819677e+02
40.0	596.0	8.92586514e-02	1.12165729e+02
40.0	596.5	8.87427423e-02	1.11517419e+02
40.0	597.0	8.82312676e-02	1.10874681e+02
40.0	597.5	8.77241772e-02	1.10237452e+02
40.0	598.0	8.72214215e-02	1.09605671e+02
40.0	598.5	8.67229515e-02	1.08979275e+02
40.0	599.0	8.62287192e-02	1.08358204e+02
40.0	599.5	8.57386769e-02	1.07742399e+02
40.0	600.0	8.52527780e-02	1.07131800e+02
